text_id,gold_label,DS_label,DSconf0,DSconf1,DSconf2,DSconf3,DSconf4,DSconf5,DSconf6,DSconf7
0,0,0,0.920137267377,0.000694723452502,0.079168009148,5.79380805351e-48,2.25268569192e-11,1.4225304828e-18,5.04415625054e-19,2.04487278137e-67
1,1,1,0.000228310876453,0.67453904061,0.324198503733,2.31732590975e-50,2.15573511432e-15,1.51533271627e-13,0.00103414478049,7.65477878543e-23
2,0,1,0.00156778795116,0.879482553151,0.097093660642,6.30295059614e-18,0.00735534489671,0.0144985093358,2.14402351561e-06,2.09491706996e-17
3,0,1,0.00231265481325,0.913850204733,0.0654476705514,9.72204645725e-31,0.0134791169312,0.00491035297156,3.82515023024e-17,1.51581931294e-84
4,0,0,0.915650789893,0.00342507996558,0.0769286371998,9.07621561704e-16,0.00399547328689,1.94730395656e-08,1.81409889853e-10,3.30276869583e-22
5,0,0,0.915650789893,0.00342507996558,0.0769286371998,9.07621561704e-16,0.00399547328689,1.94730395656e-08,1.81409889853e-10,3.30276869583e-22
6,0,0,0.996773678506,0.00322631842095,3.07297358447e-09,9.01395449882e-49,1.53902257848e-21,3.58527791674e-32,5.83551431055e-31,7.14786375518e-126
7,0,0,0.998760602998,0.000990309089215,0.000170220129097,2.05874497223e-28,7.88634261474e-05,4.32110012329e-09,3.62846592649e-11,6.04003083576e-34
8,0,0,0.722023538569,0.000184312449327,0.277792148967,3.25158089815e-56,1.37352373675e-11,5.53104156761e-20,2.6637430181e-26,4.04661561432e-35
9,0,0,0.53976016682,0.159018602473,0.193103198085,0.00115168815975,0.0167397137676,0.0256636527971,0.0370407121183,0.0275222657784
10,0,0,0.886098860421,0.0832786686586,0.00056903127941,0.00100043782357,0.00378814898681,2.98408095593e-08,0.0252648229895,3.16527701322e-13
11,0,0,0.966946772279,0.026556089251,0.000880591328594,1.89449290272e-36,0.000430390125336,0.00518615701623,2.08417189956e-17,8.28686758814e-14
12,0,2,0.0122025849592,0.0950609231408,0.546839847092,1.06803564734e-13,2.05172822075e-27,0.28673691922,0.0591597255878,1.16611866129e-26
13,0,5,0.271472165387,0.124357069622,0.0305018666071,3.23778789521e-11,0.0155857289238,0.558083168436,9.91344931481e-10,2.58943379609e-24
14,1,0,0.907740047646,0.0708887173229,0.000658781628167,4.02774331192e-16,0.000509430066259,0.00878027645728,0.0114227468797,7.76022506141e-14
15,5,0,0.699445859295,0.162019197033,0.0790266022984,6.1044030056e-07,0.0103745527372,0.029339870393,0.0197933078029,3.08718602756e-13
16,7,7,1.85962720649e-25,0.000128399237913,2.15037212713e-23,9.74198426554e-56,4.74803430962e-59,1.21899185735e-36,3.35773722441e-34,0.999871600762
17,0,0,0.907740047646,0.0708887173229,0.000658781628167,4.02774331192e-16,0.000509430066259,0.00878027645728,0.0114227468797,7.76022506141e-14
18,0,0,0.999375194275,0.000348484813695,0.0002137321879,9.09619662705e-49,6.25863258134e-05,2.3974959984e-09,6.21887922607e-26,6.05872623377e-34
19,0,0,0.896731975605,0.075920484748,0.000386904686433,2.42133993809e-15,0.000468702394316,0.0160142154292,0.0104777171373,4.89285314275e-14
20,7,7,0.272221106245,0.0636139060967,2.49450363326e-05,2.43867345036e-14,1.22584935757e-29,1.58112062323e-08,5.63494320587e-09,0.664140021176
21,0,1,0.027823757923,0.878477457902,0.0534835282887,2.12420742607e-12,0.0105901150912,0.0123858838734,0.0172392547057,2.21336706214e-09
22,0,0,0.794745301896,0.0647420237351,0.112677973902,3.06271925394e-27,0.00934931735548,0.018485383111,3.85224726086e-17,3.51650854013e-13
23,0,0,0.601796417275,0.170266540058,0.11810542583,1.84689544517e-06,0.0313883537248,0.0185565200113,0.0598848962056,7.57387882601e-21
24,1,0,0.568827521629,0.18168053324,0.120984737554,0.00738596918799,0.0164300632739,0.0499337929967,0.0362454965195,0.0185118855994
25,0,0,0.972241747664,0.0123282245836,0.00403906239051,1.49803286476e-15,0.0113906569385,3.06202151958e-07,2.2213521269e-09,4.49066183e-36
26,0,0,0.903280462457,0.00383719819364,3.68569477478e-07,1.24367050465e-14,0.0287939012706,1.40670247079e-10,0.0640880682967,1.07226331371e-09
27,0,0,0.995481409252,5.36931036718e-05,9.5389249881e-08,6.36732080235e-27,0.00446480205126,6.93424240664e-17,2.03910837241e-10,8.35943483613e-30
28,0,0,0.845836242751,0.00102634262593,0.149994369558,6.0835702221e-37,0.00314303966287,5.40244363882e-09,3.09132260492e-25,4.79206700651e-22
29,0,2,0.00292115411122,0.0283212980005,0.968757547888,3.65896323124e-62,1.78246996326e-15,1.14825590945e-13,2.51019187556e-18,6.29334036019e-16
30,0,2,0.0141364820078,0.0047809091618,0.973872634125,6.79106452733e-42,3.69350458943e-22,1.65488645461e-13,0.00720997470555,3.71538798427e-57
31,0,2,0.0871826077011,0.00350753572267,0.909309856576,3.60328283886e-63,7.8758796871e-22,1.39633512428e-13,2.6110243886e-17,5.08560886219e-42
32,0,7,9.70887483499e-24,0.0486215496456,5.56921982404e-18,2.2489272099e-23,5.38531882435e-24,1.03374850962e-25,0.0592433959832,0.892135054371
33,0,7,1.38512096213e-295,5.73960960119e-229,5.76541832814e-281,0.0,0.0,0.0,0.0,1.0
34,1,0,0.896731975605,0.075920484748,0.000386904686433,2.42133993809e-15,0.000468702394316,0.0160142154292,0.0104777171373,4.89285314275e-14
35,0,0,0.896731975605,0.075920484748,0.000386904686433,2.42133993809e-15,0.000468702394316,0.0160142154292,0.0104777171373,4.89285314275e-14
36,0,0,0.952758728092,0.00258468935301,0.0425216708239,6.34775372941e-20,0.00213490196495,9.68226443441e-09,8.3831037948e-11,4.66090080995e-33
37,1,0,0.908947417238,0.00418611416819,2.20494043138e-07,7.61577838793e-14,0.0269853523627,2.61345309238e-10,0.0598808947873,6.88659106029e-10
38,0,0,0.952758728092,0.00258468935301,0.0425216708239,6.34775372941e-20,0.00213490196495,9.68226443441e-09,8.3831037948e-11,4.66090080995e-33
39,0,0,0.648362677292,0.00485312549352,0.346784065257,2.74005378398e-34,1.89030520338e-13,1.28947329541e-07,3.01052186988e-09,1.72188335476e-48
40,3,3,7.41821252713e-132,0.0,0.0,1.0,0.0,0.0,0.0,0.0
41,1,6,2.02974621592e-41,1.89025421697e-20,1.27828932412e-21,2.94036527089e-52,4.51400321677e-40,4.31153459911e-50,1.0,5.86462349706e-24
42,0,1,0.00430291347257,0.611306232704,0.311611011307,1.1863092353e-21,6.02259844272e-07,0.0469564372617,0.0198566133797,0.00596618961594
43,4,2,1.27286328675e-07,0.198625925686,0.678945307385,4.53026980803e-33,9.68605360647e-06,2.74811184337e-13,0.122418953588,7.56742143661e-15
44,1,1,0.00209858211715,0.997901415592,2.26685376157e-10,1.63035830694e-28,5.16108964962e-16,1.22844864012e-16,2.54470460574e-10,1.80966892732e-09
45,0,6,0.00119390907478,0.406914037701,8.5053209723e-20,2.71670314732e-27,1.13379115915e-05,4.8840312707e-05,0.591831875,4.37946019588e-18
46,1,0,0.53976016682,0.159018602473,0.193103198085,0.00115168815975,0.0167397137676,0.0256636527971,0.0370407121183,0.0275222657784
47,1,1,0.000153379252921,0.999846620716,8.9899180413e-26,1.28380430925e-55,1.33597836387e-30,1.27453037308e-21,3.08355729253e-11,7.26451435742e-29
48,3,2,0.00182188109202,0.375632784712,0.446192631585,1.43940723315e-44,8.74930453287e-18,0.0888450342795,0.087507668332,2.52249632776e-40
49,0,1,1.78181095052e-05,0.988071949435,0.00997285383812,4.21184567572e-28,0.00110154844481,0.00083559323577,2.36937113334e-07,5.8198090609e-25
50,0,0,0.929694525432,0.0570848897621,0.000213083993912,1.68731274181e-19,0.000249534979777,0.00793365691406,0.00482430891802,6.87984157613e-25
51,0,0,0.999150528832,0.000718496838663,9.04585570587e-05,1.38431292693e-32,4.05136903414e-05,2.06563688899e-09,1.61206812547e-11,8.19496899809e-45
52,0,0,0.995481409252,5.36931036718e-05,9.5389249881e-08,6.36732080235e-27,0.00446480205126,6.93424240664e-17,2.03910837241e-10,8.35943483613e-30
53,0,0,0.995481409252,5.36931036718e-05,9.5389249881e-08,6.36732080235e-27,0.00446480205126,6.93424240664e-17,2.03910837241e-10,8.35943483613e-30
54,4,1,0.231605172204,0.340211972519,3.99320020321e-14,9.46156299464e-104,0.136867342864,9.46165961534e-09,0.291315502951,3.59180110211e-90
55,0,0,0.903280462457,0.00383719819364,3.68569477478e-07,1.24367050465e-14,0.0287939012706,1.40670247079e-10,0.0640880682967,1.07226331371e-09
56,0,0,0.995481409252,5.36931036718e-05,9.5389249881e-08,6.36732080235e-27,0.00446480205126,6.93424240664e-17,2.03910837241e-10,8.35943483613e-30
57,0,1,0.165726809481,0.754753630795,0.000283131911019,7.18047603081e-46,0.000848721158314,0.0102102944898,0.0681774121645,5.0197302313e-28
58,0,0,0.944523183567,0.000901122781933,0.0528970997007,2.77868861118e-40,0.00167858862813,5.32234502791e-09,1.42349662089e-25,4.63206406815e-33
59,0,0,0.973874826156,0.0210295491669,0.000280095123582,7.80456276905e-40,0.000207315108424,0.0046082144452,8.65605259532e-18,7.22464172e-25
60,1,0,0.929694525432,0.0570848897621,0.000213083993912,1.68731274181e-19,0.000249534979777,0.00793365691406,0.00482430891802,6.87984157613e-25
61,1,0,0.53976016682,0.159018602473,0.193103198085,0.00115168815975,0.0167397137676,0.0256636527971,0.0370407121183,0.0275222657784
62,0,0,0.869978792382,0.00300171055799,0.122943473633,1.41706827678e-16,0.00407601322089,1.00211190526e-08,1.85628559528e-10,4.91666079781e-22
63,1,1,0.00223429806133,0.909003575635,0.0735044922741,6.03753821192e-22,0.00538286480231,0.00987341224493,1.35698220581e-06,4.04910707282e-28
64,0,0,0.843604501936,0.0965825847852,0.0597798475913,8.98162891797e-07,5.00143744637e-09,3.21625094831e-05,1.36723060408e-11,4.54228845553e-13
65,0,0,0.998715599014,0.000913419967791,0.000286305700361,3.38290780194e-29,8.46729385536e-05,2.34033724178e-09,3.90758580175e-11,9.46308807531e-34
66,0,0,0.995481409252,5.36931036718e-05,9.5389249881e-08,6.36732080235e-27,0.00446480205126,6.93424240664e-17,2.03910837241e-10,8.35943483613e-30
67,0,0,0.53976016682,0.159018602473,0.193103198085,0.00115168815975,0.0167397137676,0.0256636527971,0.0370407121183,0.0275222657784
68,0,1,0.11480080757,0.873396159369,1.06897002513e-13,0.011597104168,7.47352008222e-09,0.000205921386323,1.07054808708e-22,3.34424550092e-11
69,0,0,0.455500403951,0.177698557631,0.168282826455,0.0207978899396,0.046264839807,0.0293931121102,0.102062369684,4.22686990904e-10
70,0,0,0.699445859295,0.162019197033,0.0790266022984,6.1044030056e-07,0.0103745527372,0.029339870393,0.0197933078029,3.08718602756e-13
71,0,0,0.998715599014,0.000913419967791,0.000286305700361,3.38290780194e-29,8.46729385536e-05,2.34033724178e-09,3.90758580175e-11,9.46308807531e-34
72,1,1,0.237082318179,0.762917677873,2.53192183075e-09,3.45996252632e-23,2.43968382484e-15,7.08315515411e-16,1.41409045675e-09,1.77728331069e-12
73,1,1,1.65026428818e-05,0.992113004402,0.00549126854507,2.37387118157e-27,0.000950182261427,0.00142883838797,2.03760467099e-07,3.44022872851e-25
74,0,2,2.22531587197e-09,0.00174355092777,0.895544341841,2.55066715635e-136,3.81405774913e-22,0.102712105006,7.35461027902e-21,1.05090928741e-28
75,4,4,0.118265732443,0.0308155424583,3.77929492718e-05,2.84544894265e-11,0.702616844904,9.09971634751e-12,0.148264087207,5.7673215209e-17
76,4,0,0.699445859295,0.162019197033,0.0790266022984,6.1044030056e-07,0.0103745527372,0.029339870393,0.0197933078029,3.08718602756e-13
77,0,0,0.53976016682,0.159018602473,0.193103198085,0.00115168815975,0.0167397137676,0.0256636527971,0.0370407121183,0.0275222657784
78,1,0,0.896731975605,0.075920484748,0.000386904686433,2.42133993809e-15,0.000468702394316,0.0160142154292,0.0104777171373,4.89285314275e-14
79,0,0,0.53976016682,0.159018602473,0.193103198085,0.00115168815975,0.0167397137676,0.0256636527971,0.0370407121183,0.0275222657784
80,0,3,1.26212928799e-86,2.125923399e-134,2.69167888444e-125,0.999979139117,1.27968538528e-24,2.08267432621e-05,2.22026344922e-86,3.41398268536e-08
81,0,0,0.53976016682,0.159018602473,0.193103198085,0.00115168815975,0.0167397137676,0.0256636527971,0.0370407121183,0.0275222657784
82,4,0,0.431648743029,0.171388458125,0.000325626185644,0.00103300922,0.013591643376,0.255627401789,0.100966595676,0.0254185225992
83,0,0,0.908947417238,0.00418611416819,2.20494043138e-07,7.61577838793e-14,0.0269853523627,2.61345309238e-10,0.0598808947873,6.88659106029e-10
84,0,0,0.986340063127,0.013659936845,1.25357668114e-11,1.7291598502e-39,1.49802757169e-11,7.036616968e-31,2.19631327278e-21,3.97343128652e-26
85,6,0,0.896731975605,0.075920484748,0.000386904686433,2.42133993809e-15,0.000468702394316,0.0160142154292,0.0104777171373,4.89285314275e-14
86,6,4,1.96033810848e-06,0.00050269590397,2.43195107013e-09,5.65265988324e-33,0.999495341307,4.888518555e-31,1.91486237207e-11,5.53243168114e-41
87,4,4,0.132202494371,0.0255591584686,0.0200350901908,2.83590627936e-11,0.773579562311,8.16675059658e-13,0.04862369463,5.58236740449e-17
88,4,1,6.75700344078e-05,0.948937023718,0.0442240589831,1.0953267252e-31,1.24624001938e-07,0.00373924504824,0.00303197736311,2.29010913256e-10
89,4,1,0.00234770225041,0.936479831529,9.3446236695e-15,1.87080877527e-87,0.0445927408735,2.76223295527e-09,0.0165797225844,1.84417538778e-79
90,4,0,0.541634625514,1.91713005176e-05,2.19854681163e-08,3.48295731201e-34,0.458346180606,4.9018982195e-27,5.94625300141e-10,3.76656612824e-44
91,2,0,0.903280462457,0.00383719819364,3.68569477478e-07,1.24367050465e-14,0.0287939012706,1.40670247079e-10,0.0640880682967,1.07226331371e-09
92,4,2,1.67727763503e-08,0.0523747307828,0.569561924422,2.54515018398e-52,8.52796933334e-17,3.38647655478e-13,0.378063328022,7.34190147734e-42
93,2,1,0.00468267926396,0.628507755048,0.00557049439391,2.65422992403e-120,2.68193359684e-06,4.20507250216e-06,0.361232184288,3.53165641512e-17
94,1,1,0.237082318179,0.762917677873,2.53192183075e-09,3.45996252632e-23,2.43968382484e-15,7.08315515411e-16,1.41409045675e-09,1.77728331069e-12
95,5,2,0.138785459276,0.11149443797,0.692216390062,0.00249748769251,0.010600941985,0.0144853414964,0.0299199415174,5.00801192126e-17
96,4,2,1.64605988581e-05,0.0532660749037,0.433747629408,4.53405423983e-15,0.277547066268,1.54840080823e-13,0.235422768821,3.59882481235e-14
97,0,0,0.954340922233,0.00318757514968,1.22978974881e-07,5.37453985857e-18,0.0145495487532,1.311202076e-10,0.0279218307542,9.80635747725e-21
98,7,0,0.833028590391,0.166971406155,3.4536889018e-09,6.63273843795e-40,4.37205140274e-21,5.90998512368e-26,6.96587495202e-23,7.30970790577e-117
99,0,0,0.908178386395,0.0418404708157,0.00017167732396,6.69233054736e-37,0.000352953231894,0.0110336549638,0.0384228572696,1.12535921338e-21
100,1,0,0.699445859295,0.162019197033,0.0790266022984,6.1044030056e-07,0.0103745527372,0.029339870393,0.0197933078029,3.08718602756e-13
101,1,1,0.0758134059111,0.84634874771,5.97914525904e-14,4.21974007781e-07,0.00634077351421,0.0714966508909,5.48225786202e-14,2.45533486273e-22
102,1,4,1.28837110105e-08,0.00629083281881,2.76681258731e-09,6.99979558044e-47,0.993709151531,6.24892986683e-31,2.50790616538e-15,9.52844895605e-56
103,0,4,0.135180753212,0.00037684805386,2.33654758185e-08,1.87118072001e-22,0.813038100586,2.73518369756e-21,0.051404274782,1.32889022334e-24
104,6,0,0.455500403951,0.177698557631,0.168282826455,0.0207978899396,0.046264839807,0.0293931121102,0.102062369684,4.22686990904e-10
105,1,1,0.129674484761,0.853302776687,0.000159691100713,8.42086896798e-28,0.000427152928826,0.0103605127911,0.00607538173169,1.49708686072e-31
106,1,4,0.273213931114,0.149842490703,4.84094759493e-22,2.81622229157e-44,0.553559603194,2.57457023769e-09,0.023383972414,1.38963144913e-31
107,5,5,0.0160223809208,4.20886262259e-05,3.02554245491e-06,1.71793446375e-148,5.3204253416e-64,0.983932504104,8.06826307986e-10,3.1177979462e-192
108,5,4,0.00779006000004,0.053598315093,0.0138509549526,2.08386050016e-09,0.880106481657,4.13946987503e-13,0.0446541862128,2.70360675853e-92
109,0,2,0.0369712610322,0.0343548125441,0.885910362517,1.59264743791e-16,1.17151644998e-23,0.0427635005762,6.33305853846e-08,2.74889889302e-148
110,4,4,0.240958551152,0.0366281104741,0.0115325293124,2.11421715013e-14,0.674335097034,1.31322286119e-12,0.0365457120263,8.80737429655e-28
111,4,4,0.00779006000004,0.053598315093,0.0138509549526,2.08386050016e-09,0.880106481657,4.13946987503e-13,0.0446541862128,2.70360675853e-92
112,4,4,3.28618867093e-07,0.000756550726393,0.00218076237317,5.53789284804e-23,0.973672903834,7.41512662962e-25,0.0233894544475,3.79742920855e-30
113,5,5,0.0194769048718,0.000180907149489,0.000224356438997,2.55287817749e-122,8.0240045376e-42,0.97949279577,0.000625035769331,7.00204629817e-50
114,0,1,0.000404627113915,0.654276817859,4.21689230476e-07,9.1804217229e-29,6.36574266872e-20,0.345317792584,6.03511982179e-15,3.40753839017e-07
115,1,1,0.00209858211715,0.997901415592,2.26685376157e-10,1.63035830694e-28,5.16108964962e-16,1.22844864012e-16,2.54470460574e-10,1.80966892732e-09
116,1,2,0.115005649564,0.122342245164,0.592351486612,0.0442868716587,0.0287696624269,0.016290826244,0.0809532583299,7.552440709e-25
117,1,1,0.00223429806133,0.909003575635,0.0735044922741,6.03753821192e-22,0.00538286480231,0.00987341224493,1.35698220581e-06,4.04910707282e-28
118,1,1,0.0602771547513,0.939722758126,8.08016699257e-08,6.96361309739e-41,7.15320765114e-26,2.42483521299e-17,1.12912546768e-10,6.20803594377e-09
119,1,1,0.000128303418387,0.999871695831,7.51058389893e-10,8.62537417248e-35,4.1761207678e-16,8.45079875882e-17,3.69823241405e-14,2.91183352328e-17
120,1,1,2.28053900997e-05,0.994328123234,0.00403112167891,2.20497340308e-31,0.000674291315675,0.000943533328362,1.25053183922e-07,6.44777629976e-36
121,1,1,1.6103720347e-15,1.0,1.36963126059e-26,2.59164209889e-149,1.22565378129e-94,3.81483171697e-22,1.13995893039e-67,4.85325640282e-100
122,0,5,0.204236217234,0.0261111113169,0.175166663951,1.04417162367e-71,6.63631452835e-13,0.594486007498,1.92775571866e-23,1.42848660816e-53
123,1,1,3.39304649063e-19,0.99998840087,8.6554526727e-06,1.86325167196e-93,2.69764000325e-54,2.94367720912e-06,9.63096784381e-42,5.77613081295e-71
124,0,0,0.978884197005,0.0134133676634,0.000289338590173,1.63034824355e-16,0.00134252098024,1.26898369092e-13,0.00607057576085,3.33628238079e-30
125,1,1,6.47677421909e-06,0.906588715723,7.96377700654e-08,4.30115045098e-73,8.18009795804e-39,0.0934047278653,3.61169000457e-15,1.49648882595e-93
126,0,0,0.674113975322,0.0757193810566,0.179918230051,3.86500755404e-23,0.015442891471,0.0328128297768,7.35747329352e-17,0.0219926923223
127,1,1,2.65014417776e-13,0.999756249301,6.81892186221e-05,2.21367119452e-58,2.67697269309e-48,0.000175561479981,4.83962532747e-36,2.57894971213e-54
128,0,0,0.999759518395,2.10339133621e-16,8.669292638e-05,7.28749162448e-42,0.000153788678837,5.07773155728e-39,3.03827115576e-21,1.00983817145e-50
129,1,1,0.00998747234872,0.977046427831,0.0021513937747,1.22215019533e-49,2.10569116049e-10,0.0108147058352,9.86861661736e-21,3.95286825478e-28
130,0,0,0.670274831471,0.0328995828586,0.220039466137,3.78194771445e-22,0.013647162393,0.0216675511242,2.44575713364e-10,0.0414714057724
131,1,1,2.43217986494e-09,0.999999997568,1.46176478945e-14,2.62139639232e-76,3.90998688019e-32,9.10287351983e-22,2.91845617314e-22,1.04384398275e-61
132,0,0,0.999676781954,5.9538581095e-13,0.000323218045346,3.96847292695e-40,2.11699524546e-14,2.78870688944e-30,1.02518494903e-15,3.29327101618e-153
133,0,0,0.856746012254,0.0116278861632,0.111460807996,8.73091678269e-46,0.00661677360177,0.013548519985,2.20810742476e-25,4.59989894421e-13
134,0,0,0.999672606015,0.000316207122559,3.05824751098e-07,1.09036723859e-28,1.0881022443e-05,3.06338443312e-15,1.50895060399e-11,4.23527619252e-45
135,0,0,0.999672606015,0.000316207122559,3.05824751098e-07,1.09036723859e-28,1.0881022443e-05,3.06338443312e-15,1.50895060399e-11,4.23527619252e-45
136,1,1,2.63986686504e-12,0.999791388963,4.55674794567e-12,3.829522662e-67,1.57175976136e-30,0.000208611030011,1.84560048224e-34,8.15888243875e-74
137,0,0,0.999999999982,4.50404181707e-16,1.82992760724e-11,5.77334412997e-159,5.2839022217e-26,1.79386515303e-27,3.61907437224e-69,8.36785002679e-43
138,0,0,0.502506631917,0.153717194843,0.000440584931638,0.00153257583043,1.06358471712e-09,0.16734665081,0.149794368934,0.0246619916701
139,0,2,0.0319795987525,0.0532086532921,0.914810986752,6.7306397819e-34,6.76198225473e-07,8.45464645632e-08,4.58852613726e-10,4.91457172329e-22
140,0,0,0.999672606015,0.000316207122559,3.05824751098e-07,1.09036723859e-28,1.0881022443e-05,3.06338443312e-15,1.50895060399e-11,4.23527619252e-45
141,0,0,0.923368302738,0.000163356324855,0.0753676042944,9.796892335e-50,0.00110073664315,2.27025801169e-14,7.34002410168e-26,4.991297921e-39
142,1,1,2.50022661737e-11,0.999977738708,2.22574475101e-05,4.89757713948e-29,6.63221213527e-29,3.81948504834e-09,4.93895430412e-24,1.23796740517e-47
143,0,0,0.999904764582,1.80383952201e-14,6.34301826599e-05,1.0915983532e-53,3.18052332658e-05,5.08577592597e-22,1.64037523211e-12,2.12499334882e-33
144,1,1,0.000202611950301,0.997899735616,2.50218022407e-08,1.95612425726e-43,1.09248750754e-10,0.00189762730281,2.83164494614e-16,5.88500227287e-43
145,0,1,8.37374957548e-06,0.82864232669,0.168719971607,1.62758890843e-58,2.03319259877e-07,0.00262859063995,5.33994099777e-07,4.73603963056e-21
146,0,1,3.31431538041e-06,0.998872401816,0.000525034213141,2.8447334003e-74,6.57631461166e-23,0.0005992496558,8.35765365489e-27,1.15432969917e-41
147,1,1,3.74322970433e-08,0.999999962568,5.2286522957e-37,9.63708967882e-113,3.66905634106e-51,3.62676189226e-21,3.74151810449e-47,1.03912356924e-72
148,1,1,0.00049809816422,0.622845958313,0.357564158542,6.56513615793e-18,0.00577269296184,0.0133167032926,2.38872573754e-06,2.1704664162e-17
149,1,1,0.0965744872724,0.876246834464,0.000223882100973,9.3304499257e-24,0.000619490462583,0.016147265996,0.0101880397045,8.22084082509e-21
150,0,4,1.69200223365e-08,4.78655656068e-23,2.80408431306e-34,2.03727541771e-204,0.99999998308,1.32137535586e-52,9.48659661585e-42,2.39427938889e-120
151,0,4,1.58055566068e-07,8.36537512554e-24,9.94267201414e-17,2.31961375345e-81,0.999999841944,6.13234168794e-49,1.38649565314e-24,7.90918917386e-69
152,0,4,2.89134464062e-07,0.000243502569549,0.00308387763174,1.82313513265e-45,0.982401881052,9.64890459134e-26,0.0142704496126,5.20070013941e-33
153,0,0,0.610426185414,1.66020675589e-20,4.39999862261e-07,7.15626370991e-68,0.389573374586,2.83812168207e-19,1.56260755178e-28,6.39150697685e-18
154,0,0,0.99990318132,9.68186267369e-05,1.79941996838e-11,3.3068360091e-29,7.84456406759e-18,8.94392804043e-36,3.48034007002e-11,7.98696705022e-50
155,1,1,0.00796677067737,0.991367605744,2.80391106619e-11,3.69061269306e-37,0.000665615196701,8.35241692266e-09,1.52707588728e-12,7.39074825171e-46
156,0,1,2.34020987397e-06,0.999080716914,0.000916942876435,4.86273608201e-59,3.9775570976e-29,9.20365536532e-14,8.95960577387e-19,9.04018670552e-17
157,1,1,3.76867459027e-10,0.999999988247,5.71889143594e-27,3.6927694773e-130,1.5264730662e-64,9.29425448029e-38,1.13762367377e-08,1.52425552415e-106
158,1,1,0.00246042179545,0.997539560046,4.09461806165e-17,4.91602896015e-12,4.5569401996e-11,1.81076373464e-08,1.91521900009e-14,5.35183444003e-30
159,0,2,0.290855624156,1.95412966682e-47,0.709144375844,2.49935994402e-58,3.88309818602e-99,3.46572021638e-46,7.47093363615e-28,1.75649708265e-141
160,0,0,0.955459272979,0.000153012832785,0.0443877141881,3.21453324991e-49,7.25197365394e-32,2.85434275491e-27,1.41822644086e-24,7.42067422436e-56
161,0,0,0.554882007514,0.125943948614,0.230721612548,0.0015088329877,1.15674235865e-09,0.0148359917912,0.0485272405198,0.0235803648685
162,4,4,4.23893961918e-07,0.000343201137244,0.00352992058473,3.15427395622e-43,0.996126454384,5.30370924082e-25,5.16781239561e-17,4.9105420407e-30
163,0,0,0.999702693114,3.0194348398e-15,0.000238913305653,3.58251554121e-68,5.83935802768e-05,2.90376692818e-22,3.49170220895e-21,8.31523699206e-18
164,0,4,9.20072384176e-10,0.00150564000688,1.48060387143e-07,9.15410034572e-56,0.998494211013,3.57675432123e-31,5.55827425193e-25,8.6021120475e-38
165,1,4,5.39982867731e-10,1.8734655816e-26,3.40367250958e-33,1.46131927364e-68,0.99999999946,1.47154017976e-93,1.39804290622e-15,2.9449453953e-160
166,1,0,1.0,1.25041258844e-221,5.90080595239e-129,5.69361250267e-320,0.0,3.7917185915e-64,1.18735558624e-122,8.42524403749e-201
167,1,0,0.999623700929,5.44049355485e-15,0.000376299070764,2.65097649374e-231,2.82295206309e-47,8.28667058995e-54,3.64613794805e-113,5.71254256084e-37
168,4,4,3.83922804097e-25,3.73692674095e-64,2.90459264102e-34,0.0,1.0,7.01235933151e-160,3.13136101499e-26,0.0
169,1,1,0.0141547386111,0.694887918704,0.00854512839923,6.04048774937e-20,0.00997335694616,0.272438856873,4.66686825798e-10,2.10637485758e-31
170,1,2,0.0255712401886,0.0496440866393,0.878914317907,0.00918070890777,0.00449377702552,0.0142455306412,0.017950338691,1.92051851648e-17
171,0,7,4.74283156087e-37,1.17172623182e-29,2.54880117104e-09,4.20737259537e-39,4.71657953713e-168,3.49705499431e-40,3.93186753031e-16,0.999999997451
172,0,6,9.03479792308e-07,1.75610182447e-58,1.40233493665e-60,3.81670039578e-38,8.37559173302e-93,1.83539970059e-26,0.99999909652,4.71544780475e-129
173,0,0,0.740005212124,0.0138483771122,0.181232321398,1.12196764395e-41,0.0111294145187,0.0244897533719,4.2944946186e-25,0.0292949214747
174,0,4,6.53489965697e-07,5.22055659189e-05,0.00500557731151,8.72924872867e-63,0.994941563532,9.82448954725e-40,1.00239226809e-10,8.19423859257e-57
175,0,4,8.52042436134e-07,0.000528009926218,7.28420085135e-09,4.90171587493e-32,0.99947113072,1.13409537441e-30,2.71001622138e-11,5.00485641637e-41
176,0,0,0.602765647026,0.0481139580124,0.31450530972,7.2373428421e-24,9.9660059667e-10,0.00893636365442,9.02932649564e-17,0.0256787205905
177,0,2,4.30714756614e-07,2.31499699086e-23,0.999999569285,3.49513558209e-168,4.18534001732e-28,3.33572380676e-33,4.90101599311e-30,4.18539619325e-64
178,7,6,8.39361442623e-15,6.4931320222e-20,3.66410107264e-05,2.68524120478e-39,2.40437410087e-34,7.53843622896e-41,0.999963358989,8.40632386377e-31
179,0,6,0.0682589410911,7.76871136302e-25,9.37376698947e-12,1.37538509209e-49,1.69754100366e-08,6.91321155412e-20,0.931741041924,2.72887296224e-32
180,0,2,0.0796897958772,6.05804237899e-14,0.919164014718,4.23862653705e-19,0.00114618940261,1.85857418657e-21,2.16915027459e-12,1.02647493717e-28
181,0,0,0.908654370977,0.00261859975353,0.0887270179072,1.14783670264e-15,2.66517589868e-10,1.08667804776e-08,2.29422634478e-10,2.73157752237e-22
182,0,0,0.525738728115,0.000730343205025,0.469810431826,4.51799404219e-34,0.00372047487832,2.19765174541e-08,1.94219173624e-18,7.50394018257e-22
183,0,2,0.19010750074,0.0207999616971,0.723406503068,3.51668991986e-22,0.00956173048215,0.0177665017265,2.43258931666e-10,0.038357802043
184,0,4,0.00189324031033,8.57178882066e-49,3.47635119237e-59,4.13852085758e-162,0.99810675969,3.94022570886e-94,4.44976392339e-22,9.41605773762e-240
185,1,6,2.97299721405e-06,0.0117317374813,0.202529008102,1.03668015288e-36,3.002794636e-16,4.62178028341e-39,0.785736281419,1.50696684571e-42
186,0,2,0.00188391161533,0.0126344297611,0.811180389008,7.98553120595e-53,1.67357905197e-38,0.174301269615,3.28457052342e-16,2.88365495362e-68
187,0,0,0.894784908246,0.0137828666028,5.18057643106e-11,6.37065853226e-152,1.91782885923e-17,0.0914322250999,4.97689801762e-59,7.77785760905e-22
188,0,1,5.90284760346e-05,0.996367698967,0.00189662154334,5.35468227853e-47,1.45368521067e-22,0.00167665101394,3.1006017223e-18,1.08600246976e-34
189,0,1,0.13697443798,0.461738656741,0.399962225648,3.40044569971e-57,0.00132435663546,3.22996215789e-07,3.80106655551e-26,2.9919535145e-35
190,0,5,0.00787750257658,5.24419757389e-05,7.52965905139e-06,2.2244812444e-112,9.6544466431e-32,0.992062525788,6.181684259e-13,1.12736773444e-45
191,0,5,2.43427528685e-26,1.26700188156e-24,4.79706996447e-45,1.67955804385e-118,3.87315708293e-134,1.0,1.50528721665e-81,2.69104626352e-130
192,0,4,2.47238235972e-06,0.00022296460713,3.84885313785e-09,3.14794861205e-53,0.999774559162,3.41867897149e-31,4.13660573508e-26,6.99480680757e-41
193,4,4,5.24463612814e-09,8.6081291225e-36,1.48296949936e-60,8.28561104872e-167,0.999999994755,1.92052033362e-83,1.06486300726e-36,9.01550451347e-194
194,1,1,0.0294231451229,0.97053236439,2.10069189778e-13,2.83446740511e-49,4.44842105018e-05,6.27549512947e-09,1.03418434245e-12,4.57640714102e-57
195,0,0,0.993547904688,0.00485104026458,0.000176675022773,2.76274029666e-47,0.0014243745045,5.48013616549e-09,3.99940832615e-11,3.703459988e-27
196,1,1,3.32483077535e-34,0.978549911028,0.00663026506552,2.62052066276e-69,4.15455376751e-30,0.014819823906,9.04188692431e-20,5.36066677025e-142
197,0,5,0.000154638237881,1.71193942794e-36,2.9558229092e-64,1.3309935274e-126,4.84621423531e-98,0.999845361762,1.39693917823e-22,1.14191057836e-210
198,1,1,0.0032014101277,0.978802006605,0.00784170228727,1.44192778096e-30,0.000720890453167,0.00943095853344,3.03199350606e-06,3.66456312783e-28
199,1,0,0.970666760049,0.0241818918487,1.2644902e-06,2.27899987279e-16,7.50915228373e-05,6.65009172133e-09,0.00507498543902,5.81338614444e-25
200,0,2,0.00161252767881,0.0880722667614,0.910314478462,6.95461848598e-33,7.06847675762e-07,1.98622106417e-08,3.88351951202e-10,3.19122257196e-97
201,1,1,3.38095740382e-08,0.999620751126,5.29025416016e-12,1.89943065231e-90,3.47277204477e-24,0.00037921505883,7.36884477018e-37,7.41836558968e-90
202,0,1,0.211778669867,0.452037687734,6.1722199724e-11,0.00272456561152,1.27846204767e-26,0.000117868447326,0.266299766898,0.0670414413806
203,0,1,0.000205358441186,0.999794615493,2.60654360248e-08,1.93484490723e-78,1.17299473821e-49,2.07389466744e-23,8.53201146895e-31,3.86467160603e-38
204,0,1,1.16111932346e-07,0.951059994511,0.0483177289451,2.03106880417e-36,5.47233746597e-08,0.000621912686672,1.93021774071e-07,8.51251710673e-94
205,1,1,5.38229974625e-103,1.0,2.12093318685e-163,4.90662086507e-235,2.32301444817e-68,2.72988950902e-55,1.6584188097e-198,0.0
206,1,0,0.740626922024,0.259373077976,1.65788940259e-25,1.71184943766e-99,4.73107402942e-50,2.27721537159e-19,7.81772073867e-30,2.24890586736e-51
207,0,2,0.201063767165,1.72711952905e-36,0.764182611901,5.64368527401e-134,4.52169512759e-33,0.0347536188465,8.69016937645e-45,2.08746867882e-09
208,7,7,0.0,0.0,1.38971278567e-247,1.6887757985e-298,0.0,0.0,2.60941996532e-17,1.0
209,1,6,4.57970117245e-29,1.43099958634e-28,5.20179719851e-28,4.10524283747e-126,7.33132328591e-71,3.32990257523e-53,1.0,2.83952109325e-109
210,0,0,0.645566411536,0.0754270026344,0.22068475678,3.13642394953e-25,0.0213829832172,0.00838121448187,0.0285249292428,3.27021076128e-05
211,1,1,8.31510778256e-08,0.999999916797,5.18165787992e-11,4.73351733034e-67,7.90154685845e-31,4.69295447607e-15,2.6597791693e-21,3.26518122045e-43
212,0,1,9.59776857822e-05,0.961320697817,0.0293054564902,3.65092119044e-45,0.0036279888346,0.00564987917285,6.30113262352e-15,2.4278205462e-24
213,0,1,0.00201644091329,0.933431922252,0.00292334996703,2.50732143046e-25,4.63782706462e-36,3.37309564084e-13,4.77612654372e-06,0.0616235107407
214,0,5,1.6410768823e-20,6.48675439441e-34,4.88120662742e-23,4.83794410366e-32,1.86145383986e-36,1.0,7.24326096726e-113,8.03255002105e-263
215,0,5,4.07625275274e-59,1.99317209235e-52,4.82552960614e-39,1.75589863204e-83,3.97730489513e-28,1.0,1.5999662563e-125,3.45172754799e-48
216,0,5,8.22243741115e-25,9.48770740376e-14,7.30475184021e-33,1.63432711791e-93,1.02111431659e-112,1.0,1.13640252123e-60,7.13420760337e-32
217,0,5,1.34978963552e-26,1.9976883154e-24,2.11973025363e-45,2.10912000369e-98,2.70785157997e-134,1.0,4.87297138992e-67,1.48847845324e-130
218,0,0,0.96222872449,0.0281990194163,0.000186468563904,1.01181480578e-28,0.00210121961367,7.80623420565e-09,0.00728456010969,2.95586551376e-27
219,0,0,0.999054493979,2.50831801502e-15,0.000188066970258,4.02296953309e-29,0.000757439050879,1.25578772686e-26,6.34408934648e-20,8.24569978554e-23
220,0,0,0.534425343794,0.0171475797042,8.02658374719e-09,3.52521865467e-149,0.448307013196,6.2015161914e-23,5.47541472601e-32,0.000120055279497
221,0,4,0.0582355779954,0.0272083239083,0.060818664488,2.49233060909e-10,0.783994408643,1.92017186545e-12,0.0697430247145,5.1181437234e-17
222,0,6,0.00286893771815,3.12575801692e-46,1.23325491665e-29,2.4974953046e-38,1.0489661662e-15,1.02649492843e-73,0.997131062282,3.04775816813e-126
223,0,2,3.78473183582e-05,0.0077795984179,0.682714042607,7.40777318705e-53,0.309468511657,2.47802032665e-13,4.57758832922e-24,6.42427901342e-14
224,0,4,3.07203400051e-09,2.2109324539e-05,3.20116384668e-11,2.35310490538e-131,0.999977887571,7.72877645282e-47,3.87826278634e-25,1.0386167629e-30
225,1,1,7.97636733738e-11,0.99999999992,5.11115038606e-17,4.03556845153e-94,7.10026705915e-46,8.92269451412e-31,2.22070500714e-33,5.54605457083e-64
226,4,5,1.73663366935e-71,8.35080976374e-82,6.67806091844e-62,5.04738387814e-200,2.34442699406e-67,1.0,4.5341372955e-166,4.97473741691e-164
227,1,5,3.39540054087e-05,0.298913056725,0.02019149762,2.57797435402e-37,7.4612478634e-28,0.680861491649,5.7736572454e-14,1.19740814098e-63
228,0,0,0.948973871814,1.9165686446e-15,0.0503661494933,2.07331359113e-28,0.000659978692437,1.76814689296e-27,1.64157446572e-20,4.32855389435e-23
229,1,1,6.28280377718e-13,0.999964363891,3.56341152809e-05,2.77005020534e-35,1.02748135026e-28,1.99345652089e-09,5.32541223376e-28,1.73118993314e-55
230,1,1,0.00743442032559,0.992565579597,7.75433527488e-11,3.64227467147e-48,7.8202012738e-35,1.42767595275e-16,3.83509835751e-21,5.65790561813e-19
231,0,1,4.08661873048e-22,0.99996758932,2.03758393713e-10,2.58471024487e-35,2.61145143745e-64,4.52584158036e-29,3.2410476093e-05,3.09750886653e-127
232,5,5,1.94402211709e-26,4.34167616246e-11,5.24660344969e-34,1.17970574899e-111,2.36899158869e-131,0.999999999957,1.75233561673e-63,2.98591821983e-55
233,0,0,0.898273842584,0.0399184027566,4.06421210535e-06,1.11241532863e-31,2.26860405501e-18,2.07085212583e-21,5.21367737628e-36,0.0618036904475
234,1,1,1.50922426272e-16,0.99997816024,1.13071605123e-05,3.90325639731e-74,2.47619762047e-49,1.05325998305e-05,5.9151367134e-41,6.030267899e-70
235,1,1,7.66460440782e-37,1.0,4.26070479567e-26,1.85023892636e-163,1.43650788147e-77,5.50704241688e-21,1.70012212239e-48,1.07291562953e-187
236,0,1,0.117056039416,0.667543749609,0.122749144977,1.43812395433e-29,0.0272415873044,0.0654094711247,3.58074507316e-10,7.21158419248e-09
237,0,2,0.162213016684,0.0819164508838,0.665838259606,2.69058512876e-197,9.18702485455e-17,4.11416943486e-16,1.31581850335e-103,0.0900322728268
238,1,1,0.00390000941616,0.588482700358,0.382600252775,3.36743600173e-15,0.00431936321175,0.00972022247227,0.0109774517668,6.19762515637e-35
239,1,1,3.71695591731e-34,0.893489370305,0.00299024965805,1.79065011119e-73,8.2449858836e-55,0.103520380037,8.26519785782e-16,4.44962256069e-173
240,0,1,5.1889796929e-06,0.939020059052,0.0581239260241,2.97720789798e-41,6.05782877557e-08,0.0028505371299,2.28235990568e-07,4.00649408179e-29
241,1,1,1.98547356302e-29,0.999989651604,1.034839602e-05,1.02669539627e-74,6.83639115825e-41,8.91789152946e-25,1.71775525983e-59,4.95580578573e-107
242,1,1,2.14054880904e-06,0.999795735674,1.38731085093e-10,9.517332118e-73,4.19858422247e-23,0.00020212363811,1.62754927407e-28,2.17188162181e-60
243,0,1,1.80292074697e-12,0.938174836695,0.0566619949703,3.96064606731e-39,1.36988135881e-32,0.00516316833258,6.87577401994e-24,3.47992879636e-30
244,1,1,3.09496037722e-21,1.0,4.26925539599e-27,5.46467736868e-23,5.85434031823e-18,9.39617492624e-16,1.01423260822e-32,3.04573313643e-24
245,0,0,0.908947417238,0.00418611416819,2.20494043138e-07,7.61577838793e-14,0.0269853523627,2.61345309238e-10,0.0598808947873,6.88659106029e-10
246,1,1,3.35267185193e-06,0.99899368229,3.01538189521e-08,2.60387678507e-56,1.63505942639e-15,0.00100293488339,5.00608781285e-13,5.1409155739e-36
247,1,1,3.6669468826e-05,0.991369380988,1.58519269356e-14,9.40181710577e-19,0.00097006602074,0.00762388352256,1.28143333488e-18,3.59534158712e-27
248,0,0,0.982387281013,0.0176126202857,3.58429780328e-13,3.7487885419e-131,1.32054332829e-15,9.87010991855e-08,3.35262295151e-16,1.23229710669e-145
249,1,1,3.39960437169e-06,0.999996552061,7.95559021912e-22,6.06887804855e-123,2.68211857046e-36,1.45991094038e-33,4.83346379681e-08,1.00651743014e-116
250,0,1,0.160380066371,0.759903535993,5.99787707844e-05,1.97196601543e-53,2.8311646908e-21,0.0796564188642,9.27779914048e-13,1.29184796575e-21
251,1,1,5.25980328658e-05,0.999947401967,1.08114555933e-20,3.29055520149e-124,7.41104094845e-54,3.23713962683e-33,7.2986485871e-15,3.11467852336e-107
252,1,1,1.45907668918e-06,0.999627379252,8.33006283374e-10,3.95503298181e-53,0.000143641006255,0.000227519832018,1.44467316581e-17,7.93318305284e-51
253,1,1,3.28262770727e-07,0.999999671737,1.07372889686e-17,2.26720662602e-79,1.93083164269e-34,5.77140346479e-25,1.4490367947e-19,6.76751481874e-63
254,1,1,2.18196939687e-24,0.990155391242,0.0098439444708,7.23532406647e-27,4.82566868164e-15,1.32997026187e-15,6.64286731247e-07,3.02613237613e-132
255,0,1,2.65802725855e-05,0.999958257546,1.51621358837e-05,4.04782483938e-66,9.20801667231e-31,3.53309565879e-19,4.55420059293e-11,1.00301632142e-44
256,0,0,0.998760602998,0.000990309089215,0.000170220129097,2.05874497223e-28,7.88634261474e-05,4.32110012329e-09,3.62846592649e-11,6.04003083576e-34
257,0,0,0.822379240789,0.000733348390329,0.17688741082,5.77173100191e-66,2.19811250167e-31,2.45347940783e-26,3.54689654375e-31,6.36761362106e-42
258,0,1,0.000196701859472,0.976742824282,5.28204089145e-14,2.32464460085e-26,7.97200124771e-08,0.0230603941384,1.03012761837e-14,2.71417327536e-23
259,0,0,0.964714201832,0.00345619353925,3.60007333627e-08,1.86405481596e-41,7.92764802214e-24,2.77014803673e-18,7.13494138542e-25,0.0318295686284
260,0,0,0.994582498334,0.00497081255813,0.000446689108064,1.35613377163e-44,1.76085812511e-32,5.22136150062e-21,1.96045246844e-16,8.61558157752e-37
261,0,0,0.998760602998,0.000990309089215,0.000170220129097,2.05874497223e-28,7.88634261474e-05,4.32110012329e-09,3.62846592649e-11,6.04003083576e-34
262,1,1,1.32371473979e-19,1.0,8.30798203427e-40,2.41892616374e-149,7.79644449662e-80,2.24544501771e-35,1.81249990592e-57,4.69110440524e-46
263,4,2,4.1078848377e-17,2.77690226423e-38,0.966585370118,3.43128591037e-320,2.83840877087e-12,4.80256057513e-63,0.0334146298787,0.0
264,1,1,1.13412325404e-05,0.997328825719,0.00265983304807,9.67604566622e-206,3.35595724758e-18,8.45707847552e-18,1.31802395066e-94,1.67279044975e-35
265,0,0,0.992655763796,0.00734423613378,7.04603273515e-11,1.18355896601e-35,3.34494657808e-18,1.51668171035e-18,1.98670136214e-17,5.42976708277e-14
266,0,0,0.978683095719,0.0191702366804,4.0264097472e-07,9.39877501432e-20,3.62102000347e-05,5.91542581836e-09,0.00211004884394,5.07371938667e-36
267,0,0,0.990350941708,0.00817794590894,0.000175735460718,4.35705205898e-33,9.15616753663e-05,1.76206629932e-08,0.00120379762601,1.09557602001e-41
268,1,1,2.31763017623e-18,1.0,9.21415242279e-29,1.84589988282e-13,1.99332993766e-17,1.84124503984e-20,9.9666422237e-32,3.14061112519e-27
269,0,0,0.999359993183,0.000392979724995,0.000162747470566,4.6905403134e-50,8.42784170472e-05,1.18060134838e-09,2.3376999056e-11,6.0041450644e-37
270,4,0,0.774598700582,1.4360442174e-23,5.95558469715e-37,7.89106353531e-116,0.225401299418,1.50243666353e-30,3.25590774043e-13,9.85435621013e-154
271,1,1,5.27038001412e-12,0.999999984484,7.54269012044e-14,1.85240827979e-165,2.09136899289e-43,1.55104097584e-08,4.06281312949e-76,1.51176994731e-74
272,0,1,3.84550276888e-10,0.999999999243,3.72607013126e-10,2.33023590146e-63,5.52151951537e-33,5.14763713968e-20,2.59229934145e-18,3.03772858698e-26
273,1,1,1.22088844843e-43,0.999925497131,1.46785498646e-06,1.00211144585e-110,1.42767812542e-75,7.303501371e-05,1.36163731663e-49,6.88769312101e-179
274,1,0,0.896731975605,0.075920484748,0.000386904686433,2.42133993809e-15,0.000468702394316,0.0160142154292,0.0104777171373,4.89285314275e-14
275,0,2,8.95591589168e-07,8.44936599848e-23,0.999999104408,1.10663201437e-169,1.60388559601e-27,1.25338248998e-18,6.79323054097e-15,4.41514867019e-28
276,0,2,0.413538366387,0.00116773123623,0.567704908619,3.51449114799e-57,0.0175889866519,7.10574396792e-09,5.71982339668e-25,1.02436661866e-24
277,1,1,0.0294231451229,0.97053236439,2.10069189778e-13,2.83446740511e-49,4.44842105018e-05,6.27549512947e-09,1.03418434245e-12,4.57640714102e-57
278,1,1,5.50540089454e-06,0.999810040737,6.37603152225e-12,3.10332427134e-65,9.80765430537e-06,0.000174646201003,9.99564899408e-18,5.01865998522e-62
