text_id,gold_label,GLAD_label,GLADconf0,GLADconf1,GLADconf2,GLADconf3,GLADconf4,GLADconf5,GLADconf6,GLADconf7
0,0,0,0.999781347674,9.3815078757e-06,8.44064384702e-05,9.3815078757e-06,9.3815078757e-06,8.73383485491e-05,9.3815078757e-06,9.3815078757e-06
1,1,1,0.000895084757423,0.983886258896,0.0107432325593,0.000895084757423,0.000895084757423,0.000895084757423,0.000895084757423,0.000895084757423
2,0,1,0.318387650675,0.436209504509,0.040900474136,0.040900474136,0.040900474136,0.040900474136,0.040900474136,0.040900474136
3,0,1,0.0154864277177,0.972811893768,0.00195027975235,0.00195027975235,0.00195027975235,0.00195027975235,0.00195027975235,0.00195027975235
4,0,0,1.0,3.08660439048e-20,3.08660439048e-20,3.08660439048e-20,3.08660439048e-20,3.08660439048e-20,3.08660439048e-20,3.08660439048e-20
5,0,0,1.0,3.08660439048e-20,3.08660439048e-20,3.08660439048e-20,3.08660439048e-20,3.08660439048e-20,3.08660439048e-20,3.08660439048e-20
6,0,0,1.0,7.78460922748e-23,7.78460922748e-23,7.78460922748e-23,7.78460922748e-23,7.78460922748e-23,2.55272881217e-26,7.78460922748e-23
7,0,0,1.0,1.66514418929e-47,1.66514418929e-47,1.66514418929e-47,1.66514418929e-47,1.66514418929e-47,1.66514418929e-47,1.66514418929e-47
8,0,0,0.999998455819,9.11690853878e-08,9.97166094677e-07,9.11690853878e-08,9.11690853878e-08,9.11690853878e-08,9.11690853878e-08,9.11690853878e-08
9,0,0,0.48409727101,0.0400213633313,0.275774549002,0.0400213633313,0.0400213633313,0.0400213633313,0.0400213633313,0.0400213633313
10,0,0,1.0,2.32425462538e-59,5.23442533171e-60,2.32425462538e-59,2.32425462538e-59,2.32425462538e-59,2.32425462538e-59,2.32425462538e-59
11,0,0,1.0,5.65068737992e-75,1.01698071907e-75,5.65068737992e-75,5.65068737992e-75,5.65068737992e-75,5.65068737992e-75,5.65068737992e-75
12,0,5,0.265318344822,0.0349852830088,0.246825138131,0.0349852830088,0.0349852830088,0.312930102002,0.0349852830088,0.0349852830088
13,0,0,0.401197304425,0.0445310094476,0.0445310094476,0.0445310094476,0.0445310094476,0.33161663889,0.0445310094476,0.0445310094476
14,1,0,1.0,1.332671312e-66,3.06559712279e-67,1.332671312e-66,1.332671312e-66,1.332671312e-66,1.332671312e-66,1.332671312e-66
15,5,0,0.996314638475,0.000526480217905,0.000526480217905,0.000526480217905,0.000526480217905,0.000526480217905,0.000526480217905,0.000526480217905
16,7,7,0.0249619365011,0.000383372419397,0.000383372419397,0.000383372419397,0.000383372419397,0.000383372419397,0.000383372419397,0.972737828983
17,0,0,1.0,1.332671312e-66,3.06559712279e-67,1.332671312e-66,1.332671312e-66,1.332671312e-66,1.332671312e-66,1.332671312e-66
18,0,0,1.0,3.0497318888e-168,3.0497318888e-168,3.0497318888e-168,3.0497318888e-168,3.0497318888e-168,3.0497318888e-168,3.0497318888e-168
19,0,0,0.999999999996,5.95091300074e-13,5.95091300074e-13,5.95091300074e-13,5.95091300074e-13,5.95091300074e-13,5.95091300074e-13,5.95091300074e-13
20,7,7,0.318387650675,0.040900474136,0.040900474136,0.040900474136,0.040900474136,0.040900474136,0.040900474136,0.436209504509
21,0,1,0.0400213633313,0.48409727101,0.275774549002,0.0400213633313,0.0400213633313,0.0400213633313,0.0400213633313,0.0400213633313
22,0,0,0.999989929486,1.43864489738e-06,1.43864489738e-06,1.43864489738e-06,1.43864489738e-06,1.43864489738e-06,1.43864489738e-06,1.43864489738e-06
23,0,0,0.99846704956,0.000252955041478,1.52201910587e-05,0.000252955041478,0.000252955041478,0.000252955041478,0.000252955041478,0.000252955041478
24,1,0,0.96354303855,0.00520813735007,0.00520813735007,0.00520813735007,0.00520813735007,0.00520813735007,0.00520813735007,0.00520813735007
25,0,0,0.999950171785,2.20181076935e-06,2.42013655819e-05,2.20181076935e-06,2.20181076935e-06,1.46177955504e-05,2.20181076935e-06,2.20181076935e-06
26,0,0,1.0,4.00885328108e-65,9.20396800981e-66,4.00885328108e-65,4.00885328108e-65,4.00885328108e-65,4.00885328108e-65,4.00885328108e-65
27,0,0,1.0,1.1622035132e-51,1.1622035132e-51,1.1622035132e-51,1.1622035132e-51,1.1622035132e-51,1.1622035132e-51,1.1622035132e-51
28,0,0,1.0,1.44450025005e-280,2.5955350426e-281,1.44450025005e-280,1.44450025005e-280,1.44450025005e-280,1.44450025005e-280,1.44450025005e-280
29,0,0,0.78168126428,0.0826632093268,0.081764051222,0.0107782950342,0.0107782950342,0.0107782950342,0.0107782950342,0.0107782950342
30,0,2,6.6625030565e-19,6.6625030565e-19,1.0,6.6625030565e-19,6.6625030565e-19,6.6625030565e-19,6.6625030565e-19,6.6625030565e-19
31,0,2,4.50643871615e-05,4.84362988073e-06,0.999925873834,4.84362988073e-06,4.84362988073e-06,4.84362988073e-06,4.84362988073e-06,4.84362988073e-06
32,0,7,0.0400213633313,0.0400213633313,0.275774549002,0.0400213633313,0.0400213633313,0.0400213633313,0.0400213633313,0.48409727101
33,0,7,3.71067219717e-05,3.98181763249e-06,3.98181763249e-06,3.98181763249e-06,3.98181763249e-06,3.98181763249e-06,3.98181763249e-06,0.999939002372
34,1,0,0.999999999996,5.95091300074e-13,5.95091300074e-13,5.95091300074e-13,5.95091300074e-13,5.95091300074e-13,5.95091300074e-13,5.95091300074e-13
35,0,0,0.999999999996,5.95091300074e-13,5.95091300074e-13,5.95091300074e-13,5.95091300074e-13,5.95091300074e-13,5.95091300074e-13,5.95091300074e-13
36,0,0,0.999999999934,9.4643692063e-12,9.4643692063e-12,9.4643692063e-12,9.4643692063e-12,9.4643692063e-12,9.4643692063e-12,9.4643692063e-12
37,1,0,0.999999999999,9.83532590767e-14,9.83532590767e-14,9.83532590767e-14,9.83532590767e-14,9.83532590767e-14,9.83532590767e-14,9.83532590767e-14
38,0,0,0.999999999934,9.4643692063e-12,9.4643692063e-12,9.4643692063e-12,9.4643692063e-12,9.4643692063e-12,9.4643692063e-12,9.4643692063e-12
39,0,0,0.436209504509,0.040900474136,0.318387650675,0.040900474136,0.040900474136,0.040900474136,0.040900474136,0.040900474136
40,3,3,0.0300699204359,0.0300699204359,0.0300699204359,0.237925853629,0.0300699204359,0.211854847108,0.21302994401,0.21690967351
41,1,4,0.202948593523,0.0290432723727,0.0290432723727,0.0290432723727,0.258523704734,0.0290432723727,0.206347392853,0.216007219398
42,0,0,0.401197304425,0.33161663889,0.0445310094476,0.0445310094476,0.0445310094476,0.0445310094476,0.0445310094476,0.0445310094476
43,4,4,0.260101346519,0.246754358951,0.0346524509468,0.0346524509468,0.319882039796,0.0346524509468,0.0346524509468,0.0346524509468
44,1,1,9.83532590767e-14,0.999999999999,9.83532590767e-14,9.83532590767e-14,9.83532590767e-14,9.83532590767e-14,9.83532590767e-14,9.83532590767e-14
45,0,0,0.304248447662,0.266364200075,0.0358972226646,0.0358972226646,0.0358972226646,0.249901238941,0.0358972226646,0.0358972226646
46,1,0,0.48409727101,0.0400213633313,0.275774549002,0.0400213633313,0.0400213633313,0.0400213633313,0.0400213633313,0.0400213633313
47,1,1,0.381551236415,0.542682419736,0.0441089508312,0.00633147860358,0.00633147860358,0.00633147860358,0.00633147860358,0.00633147860358
48,3,2,0.250078105856,0.263960448927,0.30631779709,0.0359287296254,0.0359287296254,0.0359287296254,0.0359287296254,0.0359287296254
49,0,1,3.38698465693e-257,1.0,7.90656580438e-258,3.38698465693e-257,3.38698465693e-257,3.38698465693e-257,3.38698465693e-257,3.38698465693e-257
50,0,0,0.999999741924,3.68679917771e-08,3.68679917771e-08,3.68679917771e-08,3.68679917771e-08,3.68679917771e-08,3.68679917771e-08,3.68679917771e-08
51,0,0,1.0,5.73982263085e-25,5.73982263085e-25,5.73982263085e-25,5.73982263085e-25,5.73982263085e-25,5.73982263085e-25,5.73982263085e-25
52,0,0,1.0,1.1622035132e-51,1.1622035132e-51,1.1622035132e-51,1.1622035132e-51,1.1622035132e-51,1.1622035132e-51,1.1622035132e-51
53,0,0,1.0,1.1622035132e-51,1.1622035132e-51,1.1622035132e-51,1.1622035132e-51,1.1622035132e-51,1.1622035132e-51,1.1622035132e-51
54,4,0,0.797845781482,0.0101268380671,0.0727408955524,0.0101268380671,0.0787791326304,0.0101268380671,0.0101268380671,0.0101268380671
55,0,0,1.0,4.00885328108e-65,9.20396800981e-66,4.00885328108e-65,4.00885328108e-65,4.00885328108e-65,4.00885328108e-65,4.00885328108e-65
56,0,0,1.0,1.1622035132e-51,1.1622035132e-51,1.1622035132e-51,1.1622035132e-51,1.1622035132e-51,1.1622035132e-51,1.1622035132e-51
57,0,2,0.104086362065,0.113710487395,0.709961491167,0.0144483318746,0.0144483318746,0.0144483318746,0.0144483318746,0.0144483318746
58,0,0,1.0,3.0090584927e-20,3.0090584927e-20,3.0090584927e-20,3.0090584927e-20,3.0090584927e-20,3.0090584927e-20,3.0090584927e-20
59,0,0,0.999999999989,1.61293431336e-12,1.61293431336e-12,1.61293431336e-12,1.61293431336e-12,1.61293431336e-12,1.61293431336e-12,1.61293431336e-12
60,1,0,0.999999741924,3.68679917771e-08,3.68679917771e-08,3.68679917771e-08,3.68679917771e-08,3.68679917771e-08,3.68679917771e-08,3.68679917771e-08
61,1,0,0.48409727101,0.0400213633313,0.275774549002,0.0400213633313,0.0400213633313,0.0400213633313,0.0400213633313,0.0400213633313
62,0,0,1.0,3.38698465693e-257,7.90656580438e-258,3.38698465693e-257,3.38698465693e-257,3.38698465693e-257,3.38698465693e-257,3.38698465693e-257
63,1,0,0.773105486524,0.139045015555,0.0146415829869,0.0146415829869,0.0146415829869,0.0146415829869,0.0146415829869,0.0146415829869
64,0,0,0.999999544435,6.50806726339e-08,6.50806726339e-08,6.50806726339e-08,6.50806726339e-08,6.50806726339e-08,6.50806726339e-08,6.50806726339e-08
65,0,0,1.0,4.52008874316e-272,1.03596536603e-272,4.52008874316e-272,4.52008874316e-272,4.52008874316e-272,4.52008874316e-272,4.52008874316e-272
66,0,0,1.0,1.1622035132e-51,1.1622035132e-51,1.1622035132e-51,1.1622035132e-51,1.1622035132e-51,1.1622035132e-51,1.1622035132e-51
67,0,0,0.48409727101,0.0400213633313,0.275774549002,0.0400213633313,0.0400213633313,0.0400213633313,0.0400213633313,0.0400213633313
68,0,0,0.999938609496,3.82258208728e-05,3.86078059838e-06,3.86078059838e-06,3.86078059838e-06,3.86078059838e-06,3.86078059838e-06,3.86078059838e-06
69,0,0,0.998072877408,0.00032057676946,3.66197490404e-06,0.00032057676946,0.00032057676946,0.00032057676946,0.00032057676946,0.00032057676946
70,0,0,0.996314638475,0.000526480217905,0.000526480217905,0.000526480217905,0.000526480217905,0.000526480217905,0.000526480217905,0.000526480217905
71,0,0,1.0,4.52008874316e-272,1.03596536603e-272,4.52008874316e-272,4.52008874316e-272,4.52008874316e-272,4.52008874316e-272,4.52008874316e-272
72,1,0,0.895844196185,0.0614479090405,0.00711798246238,0.00711798246238,0.00711798246238,0.00711798246238,0.00711798246238,0.00711798246238
73,1,1,3.08660439048e-20,1.0,3.08660439048e-20,3.08660439048e-20,3.08660439048e-20,3.08660439048e-20,3.08660439048e-20,3.08660439048e-20
74,0,0,0.29149983351,0.262534144688,0.0362510451231,0.0362510451231,0.0362510451231,0.264710796187,0.0362510451231,0.0362510451231
75,4,4,0.0400213633313,0.0400213633313,0.0400213633313,0.0400213633313,0.48409727101,0.275774549002,0.0400213633313,0.0400213633313
76,4,0,0.996314638475,0.000526480217905,0.000526480217905,0.000526480217905,0.000526480217905,0.000526480217905,0.000526480217905,0.000526480217905
77,0,0,0.48409727101,0.0400213633313,0.275774549002,0.0400213633313,0.0400213633313,0.0400213633313,0.0400213633313,0.0400213633313
78,1,0,0.999999999996,5.95091300074e-13,5.95091300074e-13,5.95091300074e-13,5.95091300074e-13,5.95091300074e-13,5.95091300074e-13,5.95091300074e-13
79,0,0,0.48409727101,0.0400213633313,0.275774549002,0.0400213633313,0.0400213633313,0.0400213633313,0.0400213633313,0.0400213633313
80,0,5,0.0444394469521,0.0444394469521,0.0444394469521,0.32916623601,0.0444394469521,0.404197082278,0.0444394469521,0.0444394469521
81,0,0,0.48409727101,0.0400213633313,0.275774549002,0.0400213633313,0.0400213633313,0.0400213633313,0.0400213633313,0.0400213633313
82,4,0,0.48409727101,0.0400213633313,0.0400213633313,0.0400213633313,0.0400213633313,0.275774549002,0.0400213633313,0.0400213633313
83,0,0,0.999999999999,9.83532590767e-14,9.83532590767e-14,9.83532590767e-14,9.83532590767e-14,9.83532590767e-14,9.83532590767e-14,9.83532590767e-14
84,0,0,0.982168589519,0.000747073874139,0.00924933950966,0.000747073874139,0.0048467016009,0.000747073874139,0.000747073874139,0.000747073874139
85,6,0,0.999999999996,5.95091300074e-13,5.95091300074e-13,5.95091300074e-13,5.95091300074e-13,5.95091300074e-13,5.95091300074e-13,5.95091300074e-13
86,6,4,1.332671312e-66,1.332671312e-66,3.06559712279e-67,1.332671312e-66,1.0,1.332671312e-66,1.332671312e-66,1.332671312e-66
87,4,4,0.0400213633313,0.0400213633313,0.275774549002,0.0400213633313,0.48409727101,0.0400213633313,0.0400213633313,0.0400213633313
88,4,1,1.332671312e-66,1.0,3.06559712279e-67,1.332671312e-66,1.332671312e-66,1.332671312e-66,1.332671312e-66,1.332671312e-66
89,4,1,0.0444394469521,0.404197082278,0.0444394469521,0.0444394469521,0.32916623601,0.0444394469521,0.0444394469521,0.0444394469521
90,4,0,0.946146237222,0.00321545971358,0.00321545971358,0.00321545971358,0.0345610044963,0.00321545971358,0.00321545971358,0.00321545971358
91,2,0,1.0,4.00885328108e-65,9.20396800981e-66,4.00885328108e-65,4.00885328108e-65,4.00885328108e-65,4.00885328108e-65,4.00885328108e-65
92,4,4,0.0346524509468,0.246754358951,0.260101346519,0.0346524509468,0.319882039796,0.0346524509468,0.0346524509468,0.0346524509468
93,2,0,0.299290100101,0.263994349589,0.0362068415413,0.0362068415413,0.0362068415413,0.0362068415413,0.255681342604,0.0362068415413
94,1,0,0.895844196185,0.0614479090405,0.00711798246238,0.00711798246238,0.00711798246238,0.00711798246238,0.00711798246238,0.00711798246238
95,5,2,0.128987594637,0.0152722145978,0.779379117776,0.0152722145978,0.0152722145978,0.0152722145978,0.0152722145978,0.0152722145978
96,4,4,0.259790932318,0.0342393991577,0.239120598968,0.0342393991577,0.329891472926,0.0342393991577,0.0342393991577,0.0342393991577
97,0,0,0.999999800884,2.84451475127e-08,2.84451475127e-08,2.84451475127e-08,2.84451475127e-08,2.84451475127e-08,2.84451475127e-08,2.84451475127e-08
98,7,0,0.99846704956,0.000252955041478,0.000252955041478,0.000252955041478,0.000252955041478,0.000252955041478,1.52201910587e-05,0.000252955041478
99,0,0,0.99994128962,3.64870897989e-06,3.6818125772e-05,3.64870897989e-06,3.64870897989e-06,3.64870897989e-06,3.64870897989e-06,3.64870897989e-06
100,1,0,0.996314638475,0.000526480217905,0.000526480217905,0.000526480217905,0.000526480217905,0.000526480217905,0.000526480217905,0.000526480217905
101,1,0,0.972811893768,0.0154864277177,0.00195027975235,0.00195027975235,0.00195027975235,0.00195027975235,0.00195027975235,0.00195027975235
102,1,4,0.0142490695241,0.139213403101,0.0142490695241,0.0142490695241,0.775292179754,0.0142490695241,0.0142490695241,0.0142490695241
103,0,4,0.26258643458,0.0358968416806,0.24980755312,0.0358968416806,0.308121803898,0.0358968416806,0.0358968416806,0.0358968416806
104,6,0,0.998072877408,0.00032057676946,3.66197490404e-06,0.00032057676946,0.00032057676946,0.00032057676946,0.00032057676946,0.00032057676946
105,1,0,0.779379117776,0.128987594637,0.0152722145978,0.0152722145978,0.0152722145978,0.0152722145978,0.0152722145978,0.0152722145978
106,1,1,0.261561385762,0.29236376822,0.264884110776,0.0362381470482,0.0362381470482,0.0362381470482,0.0362381470482,0.0362381470482
107,5,5,0.109733999616,0.0153301408697,0.117540623919,0.0153301408697,0.0153301408697,0.696074672116,0.0153301408697,0.0153301408697
108,5,4,0.0400213633313,0.275774549002,0.0400213633313,0.0400213633313,0.48409727101,0.0400213633313,0.0400213633313,0.0400213633313
109,0,0,0.414980967828,0.0345069918044,0.275827797246,0.0345069918044,0.0345069918044,0.136656275904,0.0345069918044,0.0345069918044
110,4,4,0.275774549002,0.0400213633313,0.0400213633313,0.0400213633313,0.48409727101,0.0400213633313,0.0400213633313,0.0400213633313
111,4,4,0.0400213633313,0.275774549002,0.0400213633313,0.0400213633313,0.48409727101,0.0400213633313,0.0400213633313,0.0400213633313
112,4,4,3.08660439048e-20,3.08660439048e-20,3.08660439048e-20,3.08660439048e-20,1.0,3.08660439048e-20,3.08660439048e-20,3.08660439048e-20
113,5,2,0.0444394469521,0.0444394469521,0.404197082278,0.0444394469521,0.0444394469521,0.32916623601,0.0444394469521,0.0444394469521
114,0,0,0.715164723156,0.108434845447,0.0147494040902,0.0147494040902,0.0147494040902,0.102653410946,0.0147494040902,0.0147494040902
115,1,1,9.83532590767e-14,0.999999999999,9.83532590767e-14,9.83532590767e-14,9.83532590767e-14,9.83532590767e-14,9.83532590767e-14,9.83532590767e-14
116,1,2,0.13308851183,0.0170443787466,0.764645215691,0.0170443787466,0.0170443787466,0.0170443787466,0.0170443787466,0.0170443787466
117,1,0,0.773105486524,0.139045015555,0.0146415829869,0.0146415829869,0.0146415829869,0.0146415829869,0.0146415829869,0.0146415829869
118,1,2,0.105972964566,0.118381363167,0.703910608768,0.0143470126999,0.0143470126999,0.0143470126999,0.0143470126999,0.0143470126999
119,1,1,0.0345610044963,0.946146237222,0.00321545971358,0.00321545971358,0.00321545971358,0.00321545971358,0.00321545971358,0.00321545971358
120,1,1,7.90656580438e-258,1.0,3.38698465693e-257,3.38698465693e-257,3.38698465693e-257,3.38698465693e-257,3.38698465693e-257,3.38698465693e-257
121,1,1,2.94813541043e-178,1.0,2.00283805802e-251,2.94813541043e-178,2.94813541043e-178,2.94813541043e-178,2.94813541043e-178,2.94813541043e-178
122,0,0,0.726875365071,0.0134038308595,0.108807728361,0.0134038308595,0.0134038308595,0.0972977522701,0.0134038308595,0.0134038308595
123,1,1,4.28535105768e-205,1.0,4.28535105768e-205,4.28535105768e-205,4.28535105768e-205,4.28535105768e-205,4.28535105768e-205,4.28535105768e-205
124,0,0,1.0,4.30894732819e-78,4.30894732819e-78,4.30894732819e-78,4.30894732819e-78,4.30894732819e-78,4.30894732819e-78,4.30894732819e-78
125,1,1,0.0111351901924,0.761387548501,0.0842048262138,0.0111351901924,0.0111351901924,0.0987316743236,0.0111351901924,0.0111351901924
126,0,0,1.0,3.771619495e-35,3.771619495e-35,3.771619495e-35,3.771619495e-35,3.771619495e-35,3.771619495e-35,3.771619495e-35
127,1,1,4.25508753776e-125,1.0,4.25508753776e-125,4.25508753776e-125,4.25508753776e-125,4.25508753776e-125,4.25508753776e-125,4.25508753776e-125
128,0,0,1.0,2.68988151144e-234,2.68988151144e-234,2.68988151144e-234,2.68988151144e-234,2.68988151144e-234,2.68988151144e-234,2.68988151144e-234
129,1,0,0.958968630456,0.0246518510201,0.00272991975405,0.00272991975405,0.00272991975405,0.00272991975405,0.00272991975405,0.00272991975405
130,0,0,1.0,5.43107604064e-72,1.25071274532e-72,5.43107604064e-72,5.43107604064e-72,5.43107604064e-72,5.43107604064e-72,5.43107604064e-72
131,1,1,2.38809357701e-26,1.0,2.16422070827e-27,2.16422070827e-27,2.16422070827e-27,2.16422070827e-27,2.16422070827e-27,2.16422070827e-27
132,0,0,1.0,4.73716793871e-18,4.73716793871e-18,4.73716793871e-18,4.73716793871e-18,4.73716793871e-18,4.73716793871e-18,4.73716793871e-18
133,0,0,0.999999999953,6.78175530003e-12,6.78175530003e-12,6.78175530003e-12,6.78175530003e-12,6.78175530003e-12,6.78175530003e-12,6.78175530003e-12
134,0,0,1.0,8.25483765359e-101,8.25483765359e-101,8.25483765359e-101,8.25483765359e-101,8.25483765359e-101,8.25483765359e-101,8.25483765359e-101
135,0,0,1.0,8.25483765359e-101,8.25483765359e-101,8.25483765359e-101,8.25483765359e-101,8.25483765359e-101,8.25483765359e-101,8.25483765359e-101
136,1,1,3.7824080625e-10,0.999999999451,2.83817291501e-11,2.83817291501e-11,2.83817291501e-11,2.83817291501e-11,2.83817291501e-11,2.83817291501e-11
137,0,0,1.0,0.0,0.0,0.0,0.0,0.0,0.0,0.0
138,0,0,1.0,7.59148288273e-59,7.59148288273e-59,7.59148288273e-59,7.59148288273e-59,1.63127129949e-59,7.59148288273e-59,7.59148288273e-59
139,0,0,0.999938881635,3.91855903475e-05,3.65546244998e-06,3.65546244998e-06,3.65546244998e-06,3.65546244998e-06,3.65546244998e-06,3.65546244998e-06
140,0,0,1.0,8.25483765359e-101,8.25483765359e-101,8.25483765359e-101,8.25483765359e-101,8.25483765359e-101,8.25483765359e-101,8.25483765359e-101
141,0,0,1.0,1.04641991949e-255,1.04641991949e-255,1.04641991949e-255,1.04641991949e-255,1.04641991949e-255,1.04641991949e-255,1.04641991949e-255
142,1,1,2.38380555902e-09,0.999999996051,2.60850684105e-10,2.60850684105e-10,2.60850684105e-10,2.60850684105e-10,2.60850684105e-10,2.60850684105e-10
143,0,0,1.0,2.2687855674e-20,2.11555125145e-19,2.2687855674e-20,2.2687855674e-20,2.2687855674e-20,2.2687855674e-20,2.2687855674e-20
144,1,1,0.345908412767,0.619162869691,0.00582145292361,0.00582145292361,0.00582145292361,0.00582145292361,0.00582145292361,0.00582145292361
145,0,1,0.390968993086,0.571378863885,0.00627535717153,0.00627535717153,0.00627535717153,0.00627535717153,0.00627535717153,0.00627535717153
146,0,1,8.99200036748e-06,0.999986668188,7.23301989184e-07,7.23301989184e-07,7.23301989184e-07,7.23301989184e-07,7.23301989184e-07,7.23301989184e-07
147,1,1,2.19810743707e-10,0.999999998681,2.10954670656e-14,2.19810743707e-10,2.19810743707e-10,2.19810743707e-10,2.19810743707e-10,2.19810743707e-10
148,1,1,0.260225255524,0.323519255536,0.243542870594,0.0345425236693,0.0345425236693,0.0345425236693,0.0345425236693,0.0345425236693
149,1,1,0.33161663889,0.401197304425,0.0445310094476,0.0445310094476,0.0445310094476,0.0445310094476,0.0445310094476,0.0445310094476
150,0,4,2.80481568539e-131,2.80481568539e-131,2.80481568539e-131,2.80481568539e-131,1.0,2.80481568539e-131,2.80481568539e-131,2.80481568539e-131
151,0,4,1.23597635413e-73,5.50494111614e-73,5.50494111614e-73,5.50494111614e-73,1.0,5.50494111614e-73,5.50494111614e-73,5.50494111614e-73
152,0,4,0.00243402268408,0.000192155197319,0.00130923236353,0.000192155197319,0.995295968966,0.000192155197319,0.000192155197319,0.000192155197319
153,0,0,0.988147722018,0.000561339305908,0.00356293256955,0.000561339305908,0.00548264888277,0.000561339305908,0.000561339305908,0.000561339305908
154,0,0,1.0,2.53456446088e-189,2.53456446088e-189,2.53456446088e-189,2.53456446088e-189,2.53456446088e-189,2.53456446088e-189,2.53456446088e-189
155,1,1,0.000456204615265,0.999294281387,4.15856663106e-05,4.15856663106e-05,4.15856663106e-05,4.15856663106e-05,4.15856663106e-05,4.15856663106e-05
156,0,1,2.56398393725e-05,0.999958195342,2.69413642052e-06,2.69413642052e-06,2.69413642052e-06,2.69413642052e-06,2.69413642052e-06,2.69413642052e-06
157,1,1,1.34989537761e-76,1.0,1.34989537761e-76,1.34989537761e-76,1.34989537761e-76,1.34989537761e-76,1.34989537761e-76,1.34989537761e-76
158,1,1,0.382572109298,0.574135071498,0.00721546986734,0.00721546986734,0.00721546986734,0.00721546986734,0.00721546986734,0.00721546986734
159,0,0,0.99997859084,1.7439885549e-07,2.03627670362e-05,1.7439885549e-07,1.7439885549e-07,1.7439885549e-07,1.7439885549e-07,1.7439885549e-07
160,0,0,1.0,2.70230363627e-23,2.70230363627e-23,2.70230363627e-23,2.70230363627e-23,2.70230363627e-23,2.70230363627e-23,2.70230363627e-23
161,0,0,1.0,7.59148288273e-59,1.63127129949e-59,7.59148288273e-59,7.59148288273e-59,7.59148288273e-59,7.59148288273e-59,7.59148288273e-59
162,4,4,8.52677197938e-09,1.01874422135e-09,1.01874422135e-09,1.01874422135e-09,0.999999985361,1.01874422135e-09,1.01874422135e-09,1.01874422135e-09
163,0,0,1.0,3.05207109588e-79,3.05207109588e-79,3.05207109588e-79,3.05207109588e-79,3.05207109588e-79,3.05207109588e-79,3.05207109588e-79
164,0,4,0.348788546919,0.0058885977669,0.0058885977669,0.0058885977669,0.615879866479,0.0058885977669,0.0058885977669,0.0058885977669
165,1,4,0.000753210286263,0.0107292952451,0.000753210286263,0.000753210286263,0.984751443037,0.000753210286263,0.000753210286263,0.000753210286263
166,1,0,0.999114175779,0.00059219853145,5.44281976418e-05,5.44281976418e-05,5.44281976418e-05,2.14847009819e-05,5.44281976418e-05,5.44281976418e-05
167,1,0,1.0,3.64654243676e-35,3.44926458618e-36,3.44926458618e-36,3.44926458618e-36,3.44926458618e-36,3.44926458618e-36,3.44926458618e-36
168,4,4,2.22903088476e-05,1.02417813342e-06,1.02417813342e-06,1.02417813342e-06,0.999971564622,1.02417813342e-06,1.02417813342e-06,1.02417813342e-06
169,1,1,0.0445310094476,0.401197304425,0.0445310094476,0.0445310094476,0.0445310094476,0.33161663889,0.0445310094476,0.0445310094476
170,1,2,0.129386864044,0.0147788567466,0.781939995476,0.0147788567466,0.0147788567466,0.0147788567466,0.0147788567466,0.0147788567466
171,0,0,0.711335173166,0.0134345792438,0.0912396456151,0.0134345792438,0.0134345792438,0.0134345792438,0.130252285,0.0134345792438
172,0,6,0.13296485895,0.00249155148492,0.00249155148492,0.00249155148492,0.00249155148492,0.00249155148492,0.85208583214,0.00249155148492
173,0,0,1.0,5.40051925909e-47,5.40051925909e-47,5.40051925909e-47,5.40051925909e-47,5.40051925909e-47,5.40051925909e-47,5.40051925909e-47
174,0,4,0.0612602141941,0.000638400818415,0.000638400818415,0.000638400818415,0.935281136537,0.000638400818415,0.000266645177136,0.000638400818415
175,0,4,6.69699593917e-05,6.69699593917e-05,0.000734957191311,6.69699593917e-05,0.998863223052,6.69699593917e-05,6.69699593917e-05,6.69699593917e-05
176,0,0,1.0,7.47077281743e-66,1.31523191245e-66,7.47077281743e-66,7.47077281743e-66,7.47077281743e-66,7.47077281743e-66,7.47077281743e-66
177,0,2,0.194090148233,0.00247946863585,0.790735652169,0.00247946863585,0.00247946863585,0.00247946863585,0.00277685641874,0.00247946863585
178,7,0,0.290776218025,0.0362143944879,0.265977870872,0.0362143944879,0.0362143944879,0.0362143944879,0.262173938664,0.0362143944879
179,0,0,0.961838650182,0.00234520472807,0.00234520472807,0.00234520472807,0.00234520472807,0.00234520472807,0.0240901214494,0.00234520472807
180,0,0,0.999934357499,8.12742877305e-07,6.07660439719e-05,8.12742877305e-07,8.12742877305e-07,8.12742877305e-07,8.12742877305e-07,8.12742877305e-07
181,0,0,1.0,1.31892189854e-117,1.31892189854e-117,1.31892189854e-117,1.31892189854e-117,1.31892189854e-117,1.31892189854e-117,1.31892189854e-117
182,0,0,0.999999999999,5.44464478768e-14,6.00817924226e-13,5.44464478768e-14,5.44464478768e-14,5.44464478768e-14,5.44464478768e-14,5.44464478768e-14
183,0,0,0.997751335954,3.02254820245e-05,0.00206731115428,3.02254820245e-05,3.02254820245e-05,3.02254820245e-05,3.02254820245e-05,3.02254820245e-05
184,0,4,0.00352629458876,4.04091080354e-05,4.04091080354e-05,4.04091080354e-05,0.996231250763,4.04091080354e-05,4.04091080354e-05,4.04091080354e-05
185,1,4,0.259820569967,0.0346566303593,0.248494776972,0.0346566303593,0.318401501265,0.0346566303593,0.0346566303593,0.0346566303593
186,0,2,0.0926931189033,0.0131805326022,0.720626958796,0.0131805326022,0.0131805326022,0.12077725929,0.0131805326022,0.0131805326022
187,0,0,1.0,1.2790613577e-52,1.42376609394e-53,1.2790613577e-52,1.2790613577e-52,1.2790613577e-52,1.2790613577e-52,1.2790613577e-52
188,0,1,0.040108169689,0.936696382423,0.00386590798133,0.00386590798133,0.00386590798133,0.00386590798133,0.00386590798133,0.00386590798133
189,0,0,0.905078947868,0.0451994585866,0.00417551021033,0.00417551021033,0.00417551021033,0.0288440424933,0.00417551021033,0.00417551021033
190,0,5,0.128022088004,0.0143367259728,0.0143367259728,0.0143367259728,0.0143367259728,0.785957556159,0.0143367259728,0.0143367259728
191,0,5,0.000938952907633,1.04224944153e-05,1.04224944153e-05,1.04224944153e-05,1.04224944153e-05,0.998998512126,1.04224944153e-05,1.04224944153e-05
192,0,4,3.48820887922e-06,3.11447926012e-07,1.68724038117e-06,3.11447926012e-07,0.999993267311,3.11447926012e-07,3.11447926012e-07,3.11447926012e-07
193,4,4,9.85174484315e-05,9.85174484315e-05,9.85174484315e-05,9.85174484315e-05,0.998184033316,0.00122486199349,9.85174484315e-05,9.85174484315e-05
194,1,1,0.384810848912,0.574073085219,0.00685267764482,0.00685267764482,0.00685267764482,0.00685267764482,0.00685267764482,0.00685267764482
195,0,0,1.0,9.88428072965e-18,9.88428072965e-18,9.88428072965e-18,9.88428072965e-18,9.88428072965e-18,9.88428072965e-18,9.88428072965e-18
196,1,1,0.00335245167264,0.993412940999,0.00193357132123,0.000260207201382,0.000260207201382,0.000260207201382,0.000260207201382,0.000260207201382
197,0,0,0.995161219861,0.000203636225071,0.000203636225071,0.000203636225071,0.000203636225071,0.00183034552265,0.00199025349065,0.000203636225071
198,1,0,0.454786768701,0.0753743188585,0.426484195062,0.00867094347558,0.00867094347558,0.00867094347558,0.00867094347558,0.00867094347558
199,1,0,1.0,5.50494111614e-73,1.23597635413e-73,5.50494111614e-73,5.50494111614e-73,5.50494111614e-73,5.50494111614e-73,5.50494111614e-73
200,0,0,0.999840523589,0.000147403989302,2.01207020964e-06,2.01207020964e-06,2.01207020964e-06,2.01207020964e-06,2.01207020964e-06,2.01207020964e-06
201,1,1,1.89519896402e-11,0.999999999601,1.89519896402e-11,1.89519896402e-11,1.89519896402e-11,2.8536504498e-10,1.89519896402e-11,1.89519896402e-11
202,0,1,0.269920573442,0.312100749499,0.0348900497334,0.0348900497334,0.0348900497334,0.243528428392,0.0348900497334,0.0348900497334
203,0,1,0.139189417821,0.849780235196,0.00183839116396,0.00183839116396,0.00183839116396,0.00183839116396,0.00183839116396,0.00183839116396
204,0,1,0.00410503645767,0.993765604754,0.000354893131309,0.000354893131309,0.000354893131309,0.000354893131309,0.000354893131309,0.000354893131309
205,1,1,1.44450025005e-280,1.0,1.44450025005e-280,2.5955350426e-281,1.44450025005e-280,1.44450025005e-280,1.44450025005e-280,1.44450025005e-280
206,1,0,0.999999999996,5.84800113203e-13,5.52558286711e-47,5.84800113203e-13,5.84800113203e-13,5.84800113203e-13,5.84800113203e-13,5.84800113203e-13
207,0,0,0.999999580318,2.67668941571e-08,2.59080533891e-07,2.67668941571e-08,2.67668941571e-08,2.67668941571e-08,2.67668941571e-08,2.67668941571e-08
208,7,6,0.00344401652573,0.00344401652573,0.0244407955104,0.00344401652573,0.00344401652573,0.0277299877942,0.89206430871,0.0419888418828
209,1,2,0.00828052104907,0.0629053772233,0.460131709372,0.00828052104907,0.00828052104907,0.00828052104907,0.43556030816,0.00828052104907
210,0,0,1.0,2.21590921799e-86,5.12694763419e-87,2.21590921799e-86,2.21590921799e-86,2.21590921799e-86,2.21590921799e-86,2.21590921799e-86
211,1,1,5.51486330832e-05,0.999919427312,4.23734248722e-06,4.23734248722e-06,4.23734248722e-06,4.23734248722e-06,4.23734248722e-06,4.23734248722e-06
212,0,1,0.000201926750944,0.999692889028,1.75307034742e-05,1.75307034742e-05,1.75307034742e-05,1.75307034742e-05,1.75307034742e-05,1.75307034742e-05
213,0,0,0.772651261643,0.136891408036,0.0150762217202,0.0150762217202,0.0150762217202,0.0150762217202,0.0150762217202,0.0150762217202
214,0,5,0.355549779117,0.00605379063504,0.00605379063504,0.00605379063504,0.00605379063504,0.608127477072,0.00605379063504,0.00605379063504
215,0,5,0.0585034288214,0.00603488154202,0.00603488154202,0.00603488154202,0.00603488154202,0.86770938181,0.00603488154202,0.0436127816586
216,0,5,0.0420526619347,0.000516067204854,0.000516067204854,0.000516067204854,0.000516067204854,0.954850934836,0.000516067204854,0.000516067204854
217,0,5,0.000114511212923,9.03951142734e-06,9.03951142734e-06,9.03951142734e-06,9.03951142734e-06,0.999831251719,9.03951142734e-06,9.03951142734e-06
218,0,0,0.999999999994,8.28704495368e-13,8.28704495368e-13,8.28704495368e-13,8.28704495368e-13,8.28704495368e-13,8.28704495368e-13,8.28704495368e-13
219,0,0,1.0,0.0,0.0,0.0,0.0,0.0,0.0,0.0
220,0,0,0.961068082283,0.00252759019229,0.00252759019229,0.00252759019229,0.0237663765634,0.00252759019229,0.00252759019229,0.00252759019229
221,0,4,0.0441406139769,0.0441406139769,0.318186801803,0.0441406139769,0.416969514336,0.0441406139769,0.0441406139769,0.0441406139769
222,0,0,0.706011117417,0.0140137311357,0.0140137311357,0.0140137311357,0.115227733958,0.0140137311357,0.108692492947,0.0140137311357
223,0,0,0.960771536624,0.00249169488359,0.00249169488359,0.00249169488359,0.0242782940744,0.00249169488359,0.00249169488359,0.00249169488359
224,0,4,3.18516130908e-17,3.18516130908e-17,1.92333226696e-15,3.18516130908e-17,1.0,3.18516130908e-17,3.18516130908e-17,3.18516130908e-17
225,1,1,0.000196653193408,0.9961662631,0.000196653193408,0.000196653193408,0.00265381773952,0.000196653193408,0.000196653193408,0.000196653193408
226,4,5,1.11677289736e-09,1.11677289736e-09,1.11677289736e-09,9.37842150067e-09,1.11677289736e-09,0.999999974079,1.11677289736e-09,1.09589636483e-08
227,1,5,0.091048127941,0.109933866385,0.0122055336388,0.0122055336388,0.0122055336388,0.73799033748,0.0122055336388,0.0122055336388
228,0,0,1.0,1.11531762017e-42,1.11531762017e-42,1.11531762017e-42,1.11531762017e-42,1.11531762017e-42,1.11531762017e-42,1.11531762017e-42
229,1,1,4.69031714216e-07,0.999999177799,5.88614679304e-08,5.88614679304e-08,5.88614679304e-08,5.88614679304e-08,5.88614679304e-08,5.88614679304e-08
230,1,1,0.129721562198,0.781012571932,0.0148776443116,0.0148776443116,0.0148776443116,0.0148776443116,0.0148776443116,0.0148776443116
231,0,1,0.00259748204222,0.997230706168,2.86352982609e-05,2.86352982609e-05,2.86352982609e-05,2.86352982609e-05,2.86352982609e-05,2.86352982609e-05
232,5,5,0.000112610021486,0.00996420819134,0.000112610021486,0.000112610021486,0.000112610021486,0.98936013168,0.000112610021486,0.000112610021486
233,0,0,1.0,3.95172568075e-67,3.36837972121e-35,3.36837972121e-35,3.36837972121e-35,3.36837972121e-35,3.36837972121e-35,3.36837972121e-35
234,1,1,2.04161403627e-197,1.0,2.04161403627e-197,2.04161403627e-197,2.04161403627e-197,2.04161403627e-197,2.04161403627e-197,2.04161403627e-197
235,1,1,6.39733702471e-13,0.999999999996,5.31208981178e-16,6.39733702471e-13,6.39733702471e-13,6.39733702471e-13,6.39733702471e-13,6.39733702471e-13
236,0,1,0.338184218812,0.395344149485,0.0444119386171,0.0444119386171,0.0444119386171,0.0444119386171,0.0444119386171,0.0444119386171
237,0,0,0.887892968418,0.0417450178148,0.0429253131964,0.00548734011416,0.00548734011416,0.00548734011416,0.00548734011416,0.00548734011416
238,1,2,0.0946679160585,0.118523526714,0.718762198527,0.0136092717402,0.0136092717402,0.0136092717402,0.0136092717402,0.0136092717402
239,1,1,0.00969087799105,0.783739388411,0.0698620815787,0.00969087799105,0.00969087799105,0.0979441400549,0.00969087799105,0.00969087799105
240,0,1,0.334255612904,0.631931901481,0.00563541426909,0.00563541426909,0.00563541426909,0.00563541426909,0.00563541426909,0.00563541426909
241,1,1,2.82710337392e-64,1.0,2.82710337392e-64,2.82710337392e-64,2.82710337392e-64,2.82710337392e-64,2.82710337392e-64,2.82710337392e-64
242,1,1,4.74332169493e-83,1.0,4.74332169493e-83,4.74332169493e-83,4.74332169493e-83,4.74332169493e-83,4.74332169493e-83,4.74332169493e-83
243,0,1,0.0201695873835,0.968139980833,0.00194840529722,0.00194840529722,0.00194840529722,0.00194840529722,0.00194840529722,0.00194840529722
244,1,1,1.0825830894e-06,0.999980094305,1.34101961997e-05,1.0825830894e-06,1.0825830894e-06,1.0825830894e-06,1.0825830894e-06,1.0825830894e-06
245,0,0,0.999999999999,9.83532590767e-14,9.83532590767e-14,9.83532590767e-14,9.83532590767e-14,9.83532590767e-14,9.83532590767e-14,9.83532590767e-14
246,1,1,1.01986608265e-05,0.999973220638,1.15301781925e-05,1.01010457771e-06,1.01010457771e-06,1.01010457771e-06,1.01010457771e-06,1.01010457771e-06
247,1,1,0.042492114973,0.932569504067,0.00415639682661,0.00415639682661,0.00415639682661,0.00415639682661,0.00415639682661,0.00415639682661
248,0,0,0.999998877077,6.59863843902e-08,6.59863843902e-08,6.59863843902e-08,6.59863843902e-08,7.27004598631e-07,6.59863843902e-08,6.59863843902e-08
249,1,1,1.41927465533e-08,0.999999979455,1.05866899875e-09,1.05866899875e-09,1.05866899875e-09,1.05866899875e-09,1.05866899875e-09,1.05866899875e-09
250,0,0,0.999632255332,0.000180043644066,1.67951524354e-05,1.67951524354e-05,1.67951524354e-05,0.000103725261497,1.67951524354e-05,1.67951524354e-05
251,1,1,1.99873316023e-34,1.0,1.99873316023e-34,1.99873316023e-34,1.99873316023e-34,1.99873316023e-34,1.99873316023e-34,1.99873316023e-34
252,1,1,3.31112956447e-41,1.0,3.31112956447e-41,3.31112956447e-41,3.31112956447e-41,3.31112956447e-41,3.31112956447e-41,3.31112956447e-41
253,1,1,0.0209128838821,0.966830602908,0.00204275220161,0.00204275220161,0.00204275220161,0.00204275220161,0.00204275220161,0.00204275220161
254,1,1,3.45747897968e-08,0.999999489179,3.03372739262e-07,3.45747897968e-08,3.45747897968e-08,3.45747897968e-08,3.45747897968e-08,3.45747897968e-08
255,0,0,0.837676614254,0.149898631329,0.00207079240275,0.00207079240275,0.00207079240275,0.00207079240275,0.00207079240275,0.00207079240275
256,0,0,1.0,1.66514418929e-47,1.66514418929e-47,1.66514418929e-47,1.66514418929e-47,1.66514418929e-47,1.66514418929e-47,1.66514418929e-47
257,0,0,1.0,0.0,0.0,0.0,0.0,0.0,0.0,0.0
258,0,0,0.537841487411,0.416599896215,0.0075931027291,0.0075931027291,0.0075931027291,0.0075931027291,0.0075931027291,0.0075931027291
259,0,0,1.0,1.00820353877e-166,1.00820353877e-166,1.00820353877e-166,1.00820353877e-166,1.00820353877e-166,1.00820353877e-166,1.00820353877e-166
260,0,0,1.0,1.45045444887e-66,1.45045444887e-66,1.45045444887e-66,1.45045444887e-66,1.45045444887e-66,1.45045444887e-66,1.45045444887e-66
261,0,0,1.0,1.66514418929e-47,1.66514418929e-47,1.66514418929e-47,1.66514418929e-47,1.66514418929e-47,1.66514418929e-47,1.66514418929e-47
262,1,1,1.57966966928e-07,0.999996707476,1.57966966928e-07,1.57966966928e-07,1.57966966928e-07,2.34472192071e-06,1.57966966928e-07,1.57966966928e-07
263,4,0,0.308243745318,0.0350696408355,0.264442019482,0.0350696408355,0.251966031022,0.0350696408355,0.0350696408355,0.0350696408355
264,1,1,9.77024337308e-269,1.0,4.54471802565e-268,4.54471802565e-268,4.54471802565e-268,4.54471802565e-268,4.54471802565e-268,4.54471802565e-268
265,0,0,1.0,1.25808708571e-143,1.25808708571e-143,1.25808708571e-143,1.25808708571e-143,1.25808708571e-143,1.25808708571e-143,1.25808708571e-143
266,0,0,0.999999999998,2.88910356878e-13,2.88910356878e-13,2.88910356878e-13,2.88910356878e-13,2.88910356878e-13,2.88910356878e-13,2.88910356878e-13
267,0,0,1.0,2.49281133616e-21,2.49281133616e-21,2.49281133616e-21,2.49281133616e-21,2.49281133616e-21,2.49281133616e-21,2.49281133616e-21
268,1,0,0.541779432164,0.413691346457,0.00742153689643,0.00742153689643,0.00742153689643,0.00742153689643,0.00742153689643,0.00742153689643
269,0,0,1.0,1.79778682717e-54,1.79778682717e-54,1.79778682717e-54,1.79778682717e-54,1.79778682717e-54,1.79778682717e-54,1.79778682717e-54
270,4,4,0.382847918648,0.00703271746688,0.00703271746688,0.00703271746688,0.574955776551,0.00703271746688,0.00703271746688,0.00703271746688
271,1,1,0.0104896260869,0.988099367,0.000814241086162,0.000119353165312,0.000119353165312,0.000119353165312,0.000119353165312,0.000119353165312
272,0,1,1.48323257907e-74,1.0,1.48323257907e-74,1.48323257907e-74,1.48323257907e-74,1.48323257907e-74,1.48323257907e-74,1.48323257907e-74
273,1,1,0.0,1.0,0.0,0.0,0.0,0.0,0.0,0.0
274,1,0,0.999999999996,5.95091300074e-13,5.95091300074e-13,5.95091300074e-13,5.95091300074e-13,5.95091300074e-13,5.95091300074e-13,5.95091300074e-13
275,0,2,0.397077739311,0.00639861510195,0.564530570077,0.00639861510195,0.00639861510195,0.00639861510195,0.00639861510195,0.00639861510195
276,0,0,0.999999999879,7.26370978628e-12,7.71750513457e-11,7.26370978628e-12,7.26370978628e-12,7.26370978628e-12,7.26370978628e-12,7.26370978628e-12
277,1,1,0.384810848912,0.574073085219,0.00685267764482,0.00685267764482,0.00685267764482,0.00685267764482,0.00685267764482,0.00685267764482
278,1,1,3.50543865579e-08,0.999999949136,2.63488040808e-09,2.63488040808e-09,2.63488040808e-09,2.63488040808e-09,2.63488040808e-09,2.63488040808e-09
279,1,1,2.42013655819e-05,0.999950171785,1.46177955504e-05,2.20181076935e-06,2.20181076935e-06,2.20181076935e-06,2.20181076935e-06,2.20181076935e-06
280,0,0,1.0,1.16397894929e-205,1.16397894929e-205,1.16397894929e-205,1.16397894929e-205,1.16397894929e-205,1.16397894929e-205,1.16397894929e-205
281,1,1,0.000731582629095,0.999233186705,5.87177769687e-06,5.87177769687e-06,5.87177769687e-06,5.87177769687e-06,5.87177769687e-06,5.87177769687e-06
282,7,0,0.895844196185,0.00711798246238,0.00711798246238,0.00711798246238,0.00711798246238,0.00711798246238,0.00711798246238,0.0614479090405
283,0,0,1.0,3.28119295621e-64,3.28119295621e-64,3.28119295621e-64,3.28119295621e-64,3.28119295621e-64,3.28119295621e-64,3.28119295621e-64
284,0,0,0.416969514336,0.318186801803,0.0441406139769,0.0441406139769,0.0441406139769,0.0441406139769,0.0441406139769,0.0441406139769
285,0,0,0.774186567755,0.136361722408,0.0149086183062,0.0149086183062,0.0149086183062,0.0149086183062,0.0149086183062,0.0149086183062
286,0,0,1.0,2.30884118426e-72,2.30884118426e-72,2.30884118426e-72,2.30884118426e-72,2.30884118426e-72,2.30884118426e-72,2.30884118426e-72
