text,crowd_label,conf0,conf1,conf2,conf3,conf4
rt mention_ bill nye mention_ screw deflateg give fuck climatechang instead url_ u_,2,0.0,0.0,1.0,0.0,0.0
rt mention_ former belichick scout ubil alway work edg cross edg deflateg url_,0,1.0,0.0,0.0,0.0,0.0
rt mention_ deflateg media upset marshawn lynch done noth kill lot excit lead su_,0,0.6667,0.08332500000000001,0.08332500000000001,0.08332500000000001,0.08332500000000001
rt mention_ still talk deflateg not simpli believ preciou face tomocchio superbowlxlix url_,2,0.0,0.0,1.0,0.0,0.0
rt mention_ wwe 's mention_ mention_ mention_ advic mention_ latest mention_ url_ deu_,0,0.6924,0.0769,0.0769,0.0769,0.0769
rt mention_ tombradi car last night deflateg mention_ superbowlxlix url_,1,0.08635000000000001,0.6546,0.08635000000000001,0.08635000000000001,0.08635000000000001
deflateg troll continu url_,1,0.0965,0.614,0.0965,0.0965,0.0965
rt mention_ gladiat super bowl olivia tom bradi fitz richard sherman cytron deflategatu_,1,0.08682500000000001,0.6527,0.08682500000000001,0.08682500000000001,0.08682500000000001
rt mention_ mention_ mention_ patriot cheat boom boycottthesuperbowl cheaterbowl deflateg shadybradi shrinkag,3,0.0,0.0,0.0,1.0,0.0
mention_ mention_ patriot footbal deflateg cheaterbowl boycottthesuperbowl shadybradi shrinkag,3,0.08332500000000001,0.08332500000000001,0.08332500000000001,0.6667,0.08332500000000001
rt mention_ win lose must alway cheat patriot deflateg,3,0.0,0.0,0.0,1.0,0.0
bill nye say 'give f**k climat chang forget deflateg url_ mention_ mention_ mention_,2,0.08065,0.08065,0.6774,0.08065,0.08065
icymi bill nye break scienc deflateg url_ url_,0,0.6746,0.08135,0.08135,0.08135,0.08135
blow patriot deflateg twitter hate liter pumpupthepat url_,0,0.6795,0.080125,0.080125,0.080125,0.080125
rt mention_ funni austinmn mention_ deflateg url_,1,0.0759,0.6964,0.0759,0.0759,0.0759
rt mention_ patriot under-infl footbal affect gameplay computer-simul deflateg url_ url_,0,1.0,0.0,0.0,0.0,0.0
rt mention_ kati perri say noth perform deflated. ... mention_ superbowlxlix deflateg url_,1,0.08962500000000001,0.6415,0.08962500000000001,0.08962500000000001,0.08962500000000001
superbowlxlix half time certain kati perri 's balloon fulli inflat deflateg url_,1,0.0,1.0,0.0,0.0,0.0
rt mention_ biggest deflateg storylin robert kraft vs. richard sherman url_,0,0.66,0.08499999999999999,0.08499999999999999,0.08499999999999999,0.08499999999999999
uimention_ former belichick scout ubil alway work edg cross edg deflateg url_,0,0.6724,0.0819,0.0819,0.0819,0.0819
deflateg got heat cop mention_ piec show support hockey url_ url_,0,0.6667,0.08332500000000001,0.08332500000000001,0.08332500000000001,0.08332500000000001
rt mention_ end zephyr uimention_ ref not log psi huh hmm pleas let merci end deflategu_,2,0.083425,0.083425,0.6663,0.083425,0.083425
newsisnotterror msm america script big gov't mass keep gobbl mindless deflateg hysteria wakeupcal,2,0.08595,0.08595,0.6562,0.08595,0.08595
video bill nye talk deflateg give fuck climat chang hold onto butt k ... url_,1,0.08704999999999999,0.6518,0.08704999999999999,0.08704999999999999,0.08704999999999999
mention_ mention_ no deflateg problem,0,0.6779999999999999,0.08050000000000002,0.08050000000000002,0.08050000000000002,0.08050000000000002
alarmg shermang deflateg don call whole thing gatebowlnum2 url_,1,0.08707500000000001,0.6517,0.08707500000000001,0.08707500000000001,0.08707500000000001
funni austinmn mention_ deflateg url_,1,0.0,1.0,0.0,0.0,0.0
blow patriot deflateg twitter hate liter pumpupthepat url_,0,1.0,0.0,0.0,0.0,0.0
got ta love sass hilari mention_ thisiswhyilovey finesshmin deflateg,0,1.0,0.0,0.0,0.0,0.0
nation 's leader govern deflat ball deflateg ballghazi url_,1,0.0,1.0,0.0,0.0,0.0
petit go media fraud respons deflateg,0,0.6081,0.097975,0.097975,0.097975,0.097975
rt mention_ ball deflat deflateg tweetlikeafeminist,1,0.0,1.0,0.0,0.0,0.0
last night keyshawn johnson mention_ visit ascj speak deflateg among topic latergram url_,0,1.0,0.0,0.0,0.0,0.0
restaur promot tap deflateg controversi url_,0,0.6371,0.090725,0.090725,0.090725,0.090725
num2 thing need know abt mention_ xlix not relat deflateg url_ sbnum2 nevssea,0,1.0,0.0,0.0,0.0,0.0
rt mention_ nfl offici consult patriot organ way deflat marshawn lynch 's ego deflateg mention_,0,0.6609999999999999,0.08475000000000002,0.08475000000000002,0.08475000000000002,0.08475000000000002
mention_ mention_ correct differ initi condit would explain differ end result deflateg,0,1.0,0.0,0.0,0.0,0.0
upload new track talk back live super bowl xlix preview mention_ deflateg marshawnlynch url_,0,1.0,0.0,0.0,0.0,0.0
rt mention_ noth perform deflat mention_ sbnum2 deflateg url_,1,0.0887,0.6452,0.0887,0.0887,0.0887
rt mention_ deflateg chang opinion bradi player person,0,1.0,0.0,0.0,0.0,0.0
repost mention_ || free merch sbnum2 deflateg lakewoodoh cle cleveland aeaeaetag friend url_,0,0.6833,0.079175,0.079175,0.079175,0.079175
rt mention_ one librari blogger point out import issu footbal address deflateg url_,2,0.0,0.0,1.0,0.0,0.0
mention_ mention_ mention_ mention_ ur dumb shit chest win deflateg one not shit talk,0,0.6452,0.0887,0.0887,0.0887,0.0887
mention_ ball not pump enough deflateg,0,0.6779999999999999,0.08050000000000002,0.08050000000000002,0.08050000000000002,0.08050000000000002
obnoxi richard sherman deflateg shut 'em pumpupthepat url_,2,0.0,0.0,1.0,0.0,0.0
truth behind deflateg -- url_,0,1.0,0.0,0.0,0.0,0.0
kati perri marshawn lynch deflateg joke url_ via mention_,1,0.0,1.0,0.0,0.0,0.0
rt mention_ seem like mention_ alway play deflat puck deflateg,1,0.079575,0.6817,0.079575,0.079575,0.079575
report broke deflateg say fan threaten url_,0,0.708,0.07300000000000001,0.07300000000000001,0.07300000000000001,0.07300000000000001
kati perri say noth perform deflated. ... mention_ superbowlxlix deflateg url_,1,0.076925,0.6923,0.076925,0.076925,0.076925
deflateg num biggest scandal sport histori url_ via mention_,0,1.0,0.0,0.0,0.0,0.0
deflateg num biggest scandal sport histori url_ via mention_,0,1.0,0.0,0.0,0.0,0.0
deflateg num biggest scandal sport histori url_ via mention_,0,1.0,0.0,0.0,0.0,0.0
deflateg num biggest scandal sport histori url_ via mention_,0,1.0,0.0,0.0,0.0,0.0
deflateg num biggest scandal sport histori url_ via mention_,0,1.0,0.0,0.0,0.0,0.0
deflateg num biggest scandal sport histori url_ via mention_,0,1.0,0.0,0.0,0.0,0.0
deflateg num biggest scandal sport histori url_ via mention_,0,1.0,0.0,0.0,0.0,0.0
deflateg num biggest scandal sport histori url_ via mention_,0,1.0,0.0,0.0,0.0,0.0
deflateg num biggest scandal sport histori url_ via mention_,0,1.0,0.0,0.0,0.0,0.0
deflateg num biggest scandal sport histori url_ via mention_,0,1.0,0.0,0.0,0.0,0.0
deflateg num biggest scandal sport histori url_ via mention_,0,1.0,0.0,0.0,0.0,0.0
deflateg num biggest scandal sport histori url_ via mention_,0,1.0,0.0,0.0,0.0,0.0
deflateg num biggest scandal sport histori url_ via mention_,0,1.0,0.0,0.0,0.0,0.0
deflateg num biggest scandal sport histori url_ via mention_,0,1.0,0.0,0.0,0.0,0.0
deflateg num biggest scandal sport histori url_ via mention_,0,1.0,0.0,0.0,0.0,0.0
deflateg get real ... chocolatey url_ not beat 'em eat 'em,1,0.0,1.0,0.0,0.0,0.0
temperatur outsid drop like psi deflateg ball footballjok nfl,1,0.07869999999999999,0.6852,0.07869999999999999,0.07869999999999999,0.07869999999999999
uimention_ insomniac rejoic not alon ilostsleepbecaus url_ upset deflateg,0,0.6607,0.08482500000000001,0.08482500000000001,0.08482500000000001,0.08482500000000001
kati perri 's press confer not get fine refer deflateg url_ via mention_,1,0.087975,0.6481,0.087975,0.087975,0.087975
mention_ lol ironi name air suppli play superbowl deflateg almost perfect word,1,0.0,1.0,0.0,0.0,0.0
nfl never record exact pressur footbal fail pressur test crazi stuff deflateg,0,0.7,0.07500000000000001,0.07500000000000001,0.07500000000000001,0.07500000000000001
mention_ leagu 's integr question damn sure would front microphon talk deflateg,0,0.6605,0.084875,0.084875,0.084875,0.084875
rt mention_ kati perri not deflat deflateg,1,0.08332500000000001,0.6667,0.08332500000000001,0.08332500000000001,0.08332500000000001
watch typic pittsburgh steeler fan dad react deflateg url_,0,0.6713,0.082175,0.082175,0.082175,0.082175
rt mention_ terrif analysi cheatriot fumbl rate show mayb deflateg goe back way url_,3,0.07339999999999999,0.07339999999999999,0.07339999999999999,0.7064,0.07339999999999999
mention_ mention_ mention_ mention_ love patriot fan debat ha deflateg cheater,3,0.081925,0.081925,0.081925,0.6723,0.081925
rt mention_ obama wear tan suit day coverag histor trip india oh let talk deflateg,2,0.08432500000000001,0.08432500000000001,0.6627,0.08432500000000001,0.08432500000000001
mention_ mention_ correct team ball lose pressur rate function temp deflateg,4,0.0,0.0,0.0,0.0,1.0
mention_ way go bulli mention_ speak still not talk deflateg hypocrit nfl sbnum2,0,1.0,0.0,0.0,0.0,0.0
rt mention_ import inflat tire inflat footbal deflateg sbnum2 url_ url_,2,0.08845,0.08845,0.6462,0.08845,0.08845
wwe wwe 's lanaww mikethemiz jclayfield advic patriot latest wweinbox url_ deflateg,0,0.6746,0.08135,0.08135,0.08135,0.08135
deflateg ref properli test footbal prior afc championship say dean blandino url_ url_,0,0.6364,0.09090000000000001,0.09090000000000001,0.09090000000000001,0.09090000000000001
video mention_ say not opinion deflateg ... url_,0,1.0,0.0,0.0,0.0,0.0
mention_ deflateg patriot url_,0,0.6609999999999999,0.08475000000000002,0.08475000000000002,0.08475000000000002,0.08475000000000002
mention_ shifti ball boy take sack ball done deflateg,2,0.08637500000000001,0.08637500000000001,0.6545,0.08637500000000001,0.08637500000000001
mention_ felger tri make discuss scientif physicist two show deflateg,0,1.0,0.0,0.0,0.0,0.0
kati perri lose left arm b no sign deflateg ... get coat url_,1,0.08035,0.6786,0.08035,0.08035,0.08035
much greater chanc patriot reprimand deflateg richard sherman miss sbxlix neither gon na happen,1,0.070525,0.7179,0.070525,0.070525,0.070525
bill nye mention_ screw deflateg give fuck climatechang instead url_ via mention_,2,0.0,0.0,1.0,0.0,0.0
rt mention_ share ahead write blog post physic guid t-p relationship deflateg url_,0,1.0,0.0,0.0,0.0,0.0
redskin rg3 not talk deflateg also spoke ankl injuri plagu num4 url_,0,0.6885,0.077875,0.077875,0.077875,0.077875
mention_ deflateg mention_ made major miscalcul ... not convert absolut pressur also not use pressur gaug,1,0.0,1.0,0.0,0.0,0.0
not find super bowl stori line excit ... lynch deflateg yawn,2,0.0,0.0,1.0,0.0,0.0
market 's deflateg market deflateg url_,0,1.0,0.0,0.0,0.0,0.0
well play pillsburi deflateg ad yahoo url_,0,0.6683,0.082925,0.082925,0.082925,0.082925
rt mention_ pump super bowl got someth say scam vid url_ gohawk deflateg ballu_,0,0.6626,0.08435000000000001,0.08435000000000001,0.08435000000000001,0.08435000000000001
prop bet deflateg sbxlix got mention_ mention_ mention_ url_,0,1.0,0.0,0.0,0.0,0.0
rt mention_ wake see mention_ nfl network godisr beauti deflateg,0,1.0,0.0,0.0,0.0,0.0
break news head offici dean blandino say sleeper hold inde legal tackl nfl deflateg superbowlxlix ballghazi,0,1.0,0.0,0.0,0.0,0.0
rt mention_ well done kati perri well done deflateg katyperri halftimeshow shotsfir url_,0,0.6828,0.07930000000000001,0.07930000000000001,0.07930000000000001,0.07930000000000001
bill nye scienc guy deflateg url_,0,1.0,0.0,0.0,0.0,0.0
former nfl qb jeff blake stupid deflateg url_,0,0.6746,0.08135,0.08135,0.08135,0.08135
win lose must alway cheat patriot deflateg,3,0.0,0.0,0.0,1.0,0.0
rt mention_ bill nye mention_ explain scienc behind deflateg url_ url_,0,1.0,0.0,0.0,0.0,0.0
psycholog behind deflateg especi true sport fan mention_ mention_ url_,0,0.6491,0.087725,0.087725,0.087725,0.087725
rt mention_ deflateg nutshel url_,0,0.6652,0.0837,0.0837,0.0837,0.0837
play devil 's advoc deflateg url_ url_,0,0.6481,0.087975,0.087975,0.087975,0.087975
rt mention_ break patriot locker room attend step forward accept respons deflateg url_,0,0.6779999999999999,0.08050000000000002,0.08050000000000002,0.08050000000000002,0.08050000000000002
rt mention_ watchuo bill nye mention_ urg american uigiv f**ku climat chang instead deflateg url_,0,0.6393,0.090175,0.090175,0.090175,0.090175
rt mention_ no one benefit much deflat ball sinc barri bond deflateg,1,0.0802,0.6792,0.0802,0.0802,0.0802
rt mention_ .mention_ deflateg glad noth us url_ saint,0,1.0,0.0,0.0,0.0,0.0
mention_ ball look littl deflat anyon catch ball one hand like deflateg sketchi,3,0.0,0.0,0.0,1.0,0.0
deflateg known bree man bradi ... nfl 's spokesman mention_ cover well better selig,0,0.6677,0.08307500000000001,0.08307500000000001,0.08307500000000001,0.08307500000000001
one librari blogger point out import issu footbal address deflateg url_,2,0.077575,0.077575,0.6897,0.077575,0.077575
wwe 's mention_ mention_ mention_ advic mention_ latest mention_ url_ deflateg,0,1.0,0.0,0.0,0.0,0.0
pass record gone roof sinc num4 rule pass allow team handl footbal deflateg,0,0.6935,0.076625,0.076625,0.076625,0.076625
rt mention_ jame franco think deflateg patriot url_,0,1.0,0.0,0.0,0.0,0.0
tom bradi sick hmmm new studi prove lie lead ill truth set free url_ deflateg,1,0.087725,0.6491,0.087725,0.087725,0.087725
deflateg superbowlhalftimeshow nonsens get michael corleon felt kay fredo end godfath ii,2,0.0,0.0,1.0,0.0,0.0
rt mention_ hey nfl money savvi footbal bank help kid re-infl save account deflateg url_,1,0.084675,0.6613,0.084675,0.084675,0.084675
furor mention_ report call out americansnip bump deflateg top news cycl,2,0.08332500000000001,0.08332500000000001,0.6667,0.08332500000000001,0.08332500000000001
mention_ thought might enjoy scientif take not favorit topic deflateg url_,0,0.6643,0.083925,0.083925,0.083925,0.083925
sad deflateg longer news leg sotu,2,0.07500000000000001,0.07500000000000001,0.7,0.07500000000000001,0.07500000000000001
share ahead write blog post physic guid t-p relationship deflateg url_,0,1.0,0.0,0.0,0.0,0.0
press confer deflateg extrem sloppi,2,0.08182500000000001,0.08182500000000001,0.6727,0.08182500000000001,0.08182500000000001
ami poehler deflateg not good joke excit game,0,1.0,0.0,0.0,0.0,0.0
deflateg affect everybodi day url_,0,0.7015,0.074625,0.074625,0.074625,0.074625
best analysi mani word peopl not read need powerpoint deflateg ballghazi superbowlxlix nfl url_,0,1.0,0.0,0.0,0.0,0.0
mention_ boob seem littl light deflateg,1,0.0,1.0,0.0,0.0,0.0
deflateg mention_ pleas showyourwork bill nye thank,0,1.0,0.0,0.0,0.0,0.0
rt mention_ deflateg crab cake smoke gouda lemon-dil sauc lettuc mozzarella balloon tweakedoutthursday 1dayonli httu_,0,0.6962,0.07594999999999999,0.07594999999999999,0.07594999999999999,0.07594999999999999
rt mention_ oh mention_ tommi sick tell stop rub ball wash hand deflateg,1,0.0875,0.65,0.0875,0.0875,0.0875
rt mention_ simul say belichick 's deflateg explan plausibl url_ via mention_ url_,0,0.6842,0.07894999999999999,0.07894999999999999,0.07894999999999999,0.07894999999999999
lay off twitter whilst deflateg blew could not stand,2,0.0,0.0,1.0,0.0,0.0
superbowl predict latest deflateg reichreport podcast mention_ mention_ url_,0,1.0,0.0,0.0,0.0,0.0
nfl execut lie deflat patsua ball realli video url_ via mention_ deflateg,0,1.0,0.0,0.0,0.0,0.0
belichick wreck deflateg,1,0.0,1.0,0.0,0.0,0.0
mention_ mention_ gronk new flat bread pizza deflateg,0,1.0,0.0,0.0,0.0,0.0
deflateg psssh celebr damag control wesley snipe kiefer sutherland ep featur moi come way url_,0,0.7,0.07500000000000001,0.07500000000000001,0.07500000000000001,0.07500000000000001
surgeri went good.. num month count mambament mamba golak deflateg superbowlxlix mention_ url_,0,1.0,0.0,0.0,0.0,0.0
rt mention_ short stori not deflat weekend amread deflateg ike fridayread url_,0,1.0,0.0,0.0,0.0,0.0
report broke deflateg say fan threaten,0,1.0,0.0,0.0,0.0,0.0
ridicul mention_ crucifi patriot deflateg learn ref not record psi game afterthought,4,0.08925,0.08925,0.08925,0.08925,0.643
rt mention_ tbt winter num4 deflateg southi super bowl xlix gopat url_,4,0.089275,0.089275,0.089275,0.089275,0.6429
new england cheat t-shirt buy url_ superbowl newenglandpatriot deflateg bradi url_,3,0.08050000000000002,0.08050000000000002,0.08050000000000002,0.6779999999999999,0.08050000000000002
rad bill nye screw deflateg give f mention_ climatechang instead url_ climat uspoli,2,0.07500000000000001,0.07500000000000001,0.7,0.07500000000000001,0.07500000000000001
mention_ mention_ aaron hernandez hold deflateg patriot footbal url_,0,1.0,0.0,0.0,0.0,0.0
rt mention_ exact psi ball not log game halftim deflateg url_,0,1.0,0.0,0.0,0.0,0.0
.mention_ amazingli identifi num2 num2 psi inflat footbal conan tonight deflateg url_,0,0.6809999999999999,0.07975000000000002,0.07975000000000002,0.07975000000000002,0.07975000000000002
rt mention_ seahawk fan pleas learn drive tire learn deflateg new way sincer phoenixu_,1,0.08475000000000002,0.6609999999999999,0.08475000000000002,0.08475000000000002,0.08475000000000002
analysi deflateg url_,0,1.0,0.0,0.0,0.0,0.0
dean blandino deflateg wasnuat sting psi footbal werenuat log come word vs word deflateg,2,0.08050000000000002,0.08050000000000002,0.6779999999999999,0.08050000000000002,0.08050000000000002
favorit player time mention_ speak truth ridicul deflateg call mention_ best brand sport,4,0.0,0.0,0.0,0.0,1.0
hey nfl money savvi footbal bank help kid re-infl save account deflateg url_,0,0.6576,0.08560000000000001,0.08560000000000001,0.08560000000000001,0.08560000000000001
real deflateg nfl 's deflat tax bill url_ superbowlxlix superbowl deflatethi url_,0,0.6833,0.079175,0.079175,0.079175,0.079175
katyperri 'noth perform deflat ooo not script deflateg,1,0.0,1.0,0.0,0.0,0.0
.mention_ perform might not deflat pump jam possibl deflateg,1,0.0,1.0,0.0,0.0,0.0
guilti parti deflateg url_,3,0.08482500000000001,0.08482500000000001,0.08482500000000001,0.6607,0.08482500000000001
deflat tombradi 's ball justinbieb photoshop deflateg bieberg url_,1,0.0,1.0,0.0,0.0,0.0
senat deflateg send colt super bowl url_ afcchampionship colt,0,0.6548,0.08629999999999999,0.08629999999999999,0.08629999999999999,0.08629999999999999
assur noth perform deflat mention_ sbnum2 access deflateg,1,0.0,1.0,0.0,0.0,0.0
richard sherman deflateg reveal real tom bradi url_ via mention_ sbnum2 lob gohawk,0,0.6609999999999999,0.08475000000000002,0.08475000000000002,0.08475000000000002,0.08475000000000002
gladiat super bowl olivia tom bradi fitz richard sherman cytron deflateg scandalthursday,1,0.08332500000000001,0.6667,0.08332500000000001,0.08332500000000001,0.08332500000000001
rt mention_ pow job psychic twin ... deflateg supergirl deflat ball tom bradi url_,0,0.6723,0.081925,0.081925,0.081925,0.081925
attent patriot hater url_ deflateg,4,0.090525,0.090525,0.090525,0.090525,0.6379
rt mention_ thank mention_ nfl provid content hashtag ball deflateg url_,0,1.0,0.0,0.0,0.0,0.0
rt mention_ also tap water alway win deflateg url_,1,0.07727500000000001,0.6909,0.07727500000000001,0.07727500000000001,0.07727500000000001
rt mention_ mention_ a4 not seriou news topic import news stori peopl awar neu_,2,0.0,0.0,1.0,0.0,0.0
funni would give squeez deflateg nfl superbowlxlix bradiebal url_,1,0.07727500000000001,0.6909,0.07727500000000001,0.07727500000000001,0.07727500000000001
reinflat patriot footbal balloon everyon walk got jokes_u deflateg url_,1,0.0,1.0,0.0,0.0,0.0
base blandino presser unless nfl confess video need move chang procedur next year deflateg,2,0.076325,0.076325,0.6947,0.076325,0.076325
watch drew bree deflateg conan tb youtub drewbre deflateg conan url_ coco nfl footbal,0,1.0,0.0,0.0,0.0,0.0
hey nfl money savvi footbal bank help kid re-infl save account deflateg url_,0,0.6429,0.089275,0.089275,0.089275,0.089275
four thing pr pro learn deflateg url_,0,1.0,0.0,0.0,0.0,0.0
mention_ spare spygat deflateg,2,0.0819,0.0819,0.6724,0.0819,0.0819
not sure regul look alright recip come soon deflategateu_ url_,1,0.079175,0.6833,0.079175,0.079175,0.079175
mention_ holi inflat referenc tweets.. deflateg,1,0.081925,0.6723,0.081925,0.081925,0.081925
rt mention_ bill belichick blame tom bradi deflateg mention_ cold open url_ url_,0,0.6667,0.08332500000000001,0.08332500000000001,0.08332500000000001,0.08332500000000001
rt mention_ want truth deflateg not handl truth url_ snl url_,0,0.6627,0.08432500000000001,0.08432500000000001,0.08432500000000001,0.08432500000000001
rt mention_ refere say psi never record got hater deflateg,4,0.0862,0.0862,0.0862,0.0862,0.6552
found patriot gameday footbal gohawk deflateg num2thman sbnum2 superbowlxlix superbusinesstrip url_,0,1.0,0.0,0.0,0.0,0.0
rt mention_ deflateg impact superbowlxlix fan loyalti state-by-st look pat vs. seahawk popular url_,0,1.0,0.0,0.0,0.0,0.0
mention_ heard today tk comment accomplic made wonder num differ bag num2 footbal deflateg,0,1.0,0.0,0.0,0.0,0.0
drew bree talk deflateg .mention_ url_,0,1.0,0.0,0.0,0.0,0.0
johnharbaugh strike said coupl time mention_ deflateg trump nothing,2,0.07500000000000001,0.07500000000000001,0.7,0.07500000000000001,0.07500000000000001
rt mention_ 3d print combat deflateg url_ 3dprint deflateg mention_ url_,0,1.0,0.0,0.0,0.0,0.0
loui c.k deflateg hilari not stupid footbal game realli simpl mention_ url_,1,0.0,1.0,0.0,0.0,0.0
oh reinflat damn ball move deflateg,2,0.0,0.0,1.0,0.0,0.0
nfl collect fine patriot deflateg marshawnlynch not someon follow mention_,0,1.0,0.0,0.0,0.0,0.0
deflateg lol rt mention_ wait odel beckham jr ... watch tri set world record ... url_,1,0.08962500000000001,0.6415,0.08962500000000001,0.08962500000000001,0.08962500000000001
never thought doughboy edgi super-bowl timeli mention_ deflateg url_,0,0.6727,0.08182500000000001,0.08182500000000001,0.08182500000000001,0.08182500000000001
jupiterascend vs. deflateg funni testicl joke somewher,1,0.0,1.0,0.0,0.0,0.0
offic might patriot hq superbowl oneadvertis deflateg url_,0,1.0,0.0,0.0,0.0,0.0
mention_ ball look inflat deflateg,3,0.08607500000000001,0.08607500000000001,0.08607500000000001,0.6557,0.08607500000000001
mention_ enough w/ deflateg talk beat dead hors enoughalreadi deflatethi stfu,2,0.0,0.0,1.0,0.0,0.0
hey nfl money savvi footbal bank help kid re-infl save account deflateg url_,1,0.089275,0.6429,0.089275,0.089275,0.089275
rt mention_ folk deflateg investig take week ... ..becoz nfl zero proof ... end,4,0.0862,0.0862,0.0862,0.0862,0.6552
video wwe final weigh deflateg url_ url_,0,1.0,0.0,0.0,0.0,0.0
radio spot bare discuss deflateg stonewalllynch bless,0,0.6779999999999999,0.08050000000000002,0.08050000000000002,0.08050000000000002,0.08050000000000002
rt mention_ sbxlix preview num min deflateg nfc titl game stori w/ mention_ mention_ mention_ url_,0,1.0,0.0,0.0,0.0,0.0
simpl twitter search show mention_ make big inroad thank mention_ superbowl shtickfest mention_ deflateg,0,1.0,0.0,0.0,0.0,0.0
sbxlix preview num min deflateg nfc titl game stori w/ mention_ mention_ mention_ url_,0,1.0,0.0,0.0,0.0,0.0
rt mention_ invest time tom bradi 's deflateg benghazi,2,0.07455,0.07455,0.7018,0.07455,0.07455
mention_ god embarrass or mani ball head soccerballsthati deflateg,1,0.077875,0.6885,0.077875,0.077875,0.077875
investig deflateg solidworksflowsimul read blog url_ mention_ url_,0,1.0,0.0,0.0,0.0,0.0
rt mention_ hell itua tsunami hatr nice q mention_ mention_ indi writer broke deflateg htu_,0,0.6833,0.079175,0.079175,0.079175,0.079175
hell itua tsunami hatr nice q mention_ mention_ indi writer broke deflateg url_,0,0.6935,0.076625,0.076625,0.076625,0.076625
mention_ deflateg mcnugget,1,0.07455,0.7018,0.07455,0.07455,0.07455
deflateg controversi boost scienc learn editori url_ url_,0,1.0,0.0,0.0,0.0,0.0
shame seahawk player angri treat differ base histori *ahem* deflateg,0,0.6607,0.08482500000000001,0.08482500000000001,0.08482500000000001,0.08482500000000001
mention_ simul say belichick 's deflateg explan plausibl url_ via mention_ url_,0,1.0,0.0,0.0,0.0,0.0
okay guy let air out recess ball deflateg teacherproblem url_,1,0.0,1.0,0.0,0.0,0.0
rt mention_ next fox news obama know deflateg know darrel issa hold hear,0,0.6557,0.08607500000000001,0.08607500000000001,0.08607500000000001,0.08607500000000001
mention_ new elig signal player x-ing out deflat ball deflateg jaymohrsport,1,0.09115000000000001,0.6354,0.09115000000000001,0.09115000000000001,0.09115000000000001
deflateg see ... .. superbowlxlix url_,0,0.6727,0.08182500000000001,0.08182500000000001,0.08182500000000001,0.08182500000000001
refere say psi never record got hater deflateg,4,0.08065,0.08065,0.08065,0.08065,0.6774
itua never earli plan crisi mention_ mention_ url_ deflateg,0,1.0,0.0,0.0,0.0,0.0
mention_ patriot need num2 second bathroom break deflateg,1,0.0,1.0,0.0,0.0,0.0
okay guy ... let air out recess equip deflateg url_,1,0.0,1.0,0.0,0.0,0.0
rt mention_ keep ball inflat big game deflateg superbowl ebay url_ ad url_,0,0.6731,0.08172499999999999,0.08172499999999999,0.08172499999999999,0.08172499999999999
r greater issu deflateg superbowl year share hope intern campaign num cre8 awar humantraffick,2,0.08182500000000001,0.08182500000000001,0.6727,0.08182500000000001,0.08182500000000001
dr. power discuss psycholog behind deflateg cheater 's high url_ url_,0,0.6352,0.0912,0.0912,0.0912,0.0912
dr. power discuss psycholog behind deflateg cheater 's high url_,3,0.0,0.0,0.0,1.0,0.0
entir deflateg hing video ballboy go pee word ref not record psi measur,0,0.6842,0.07894999999999999,0.07894999999999999,0.07894999999999999,0.07894999999999999
will bet patriot fumbl come sunday deflateg,0,0.6419,0.089525,0.089525,0.089525,0.089525
rt mention_ politifact rule bill belichickua claim deflat footbal mostli true url_ deflateg,3,0.07869999999999999,0.07869999999999999,0.07869999999999999,0.6852,0.07869999999999999
rt mention_ underpressur deflateg url_,1,0.0686,0.7256,0.0686,0.0686,0.0686
mention_ deflateg glorifi distract not worth coverag got,2,0.0,0.0,1.0,0.0,0.0
omg billbelichick must lmao deflateg lol funni laugh patriot crazyu_ url_,1,0.0,1.0,0.0,0.0,0.0
rt mention_ uimention_ uh bango ... url_ ... mention_ ask deflategu_,0,1.0,0.0,0.0,0.0,0.0
kati perri 's presser live mention_ num num2 least not marshawn lynch deflateg,0,0.6769,0.08077500000000001,0.08077500000000001,0.08077500000000001,0.08077500000000001
won first place jrh scienc fair mention_ mention_ deflateg url_,0,0.6545,0.08637500000000001,0.08637500000000001,0.08637500000000001,0.08637500000000001
rt mention_ itua tsunami hatr mention_ interview guy broke deflateg url_,0,0.7037,0.074075,0.074075,0.074075,0.074075
patsnat doyourjob via author james_m_kerr sure rt url_ via mention_ deflateg rt url_,0,1.0,0.0,0.0,0.0,0.0
cri river rt mention_ itua tsunami hatr mention_ interview guy broke deflateg url_,0,0.6885,0.077875,0.077875,0.077875,0.077875
rt mention_ nfl ban robot drone superbowl nice way say bill belichick suspend du_,1,0.077575,0.6897,0.077575,0.077575,0.077575
mention_ lol season ticket holder not fan also think tom bradi greatest qb ever deflateg bullshit,4,0.083725,0.083725,0.083725,0.083725,0.6651
mention_ num day sb n u num neg nanci 's still whine abt pat deflateg shut num2 ppl listen ya wan na kill,2,0.0802,0.0802,0.6792,0.0802,0.0802
rt mention_ deflateg dean blandino state ref not log psi read either approv unapprovedu_,0,0.6786,0.08035,0.08035,0.08035,0.08035
way deflateg end point congress mandat on-board ball pressur sensor real-tim screen readout,0,0.6721,0.08197499999999999,0.08197499999999999,0.08197499999999999,0.08197499999999999
fantast seattl mention_ deflateg ballghazi sbnum2 url_,0,0.6644,0.0839,0.0839,0.0839,0.0839
next week westboro baptist church chime opinion deflateg,1,0.07894999999999999,0.6842,0.07894999999999999,0.07894999999999999,0.07894999999999999
rt mention_ epic find out get superbowl ring url_ w/ mention_ deflateg url_,0,1.0,0.0,0.0,0.0,0.0
7new anchor sport new deflateg t-shirt mention_ mention_ superbowl url_,0,1.0,0.0,0.0,0.0,0.0
rt mention_ video bill nye scienc guy say bill belichickua explan made 'no sens deflateg url_ hu_,0,0.6667,0.08332500000000001,0.08332500000000001,0.08332500000000001,0.08332500000000001
rt mention_ one got go ... deflateg url_,0,1.0,0.0,0.0,0.0,0.0
avoid person deflateg check out tip avoid tire failur truck url_,0,0.6949,0.07627500000000001,0.07627500000000001,0.07627500000000001,0.07627500000000001
deflateg dean blandino state ref not log psi read either approv unapprov,0,1.0,0.0,0.0,0.0,0.0
mention_ ball look deflat deflateg,3,0.087725,0.087725,0.087725,0.6491,0.087725
wish lanc armstrong mess ball big news right deflateg livestrong,1,0.0,1.0,0.0,0.0,0.0
get hot sport take deflateg grandma monthli lunch never thought would say,1,0.0,1.0,0.0,0.0,0.0
rt mention_ listen us live mention_ chat deflateg mention_ mention_ musicalu_ url_,0,1.0,0.0,0.0,0.0,0.0
3d print combat deflateg url_ 3dprint deflateg mention_ url_,0,1.0,0.0,0.0,0.0,0.0
listen us live mention_ chat deflateg mention_ mention_ musicalu_ url_,0,1.0,0.0,0.0,0.0,0.0
rt mention_ puppi bowl report not afraid get nitti gritti deflateg url_ url_,0,1.0,0.0,0.0,0.0,0.0
no proof ref check ball guag game given ball num2num not correct till half time deflateg nflrefproblem,0,0.6724,0.0819,0.0819,0.0819,0.0819
model deflateg use mention_ url_ mention_ mention_ via mention_ url_,0,0.6653,0.083675,0.083675,0.083675,0.083675
rt mention_ legendari num2er qb mention_ make deflategate-inspir super bowl pick patriot num2 seahawk num2 url_,0,0.6441,0.088975,0.088975,0.088975,0.088975
model deflateg use mention_ url_ mention_ mention_ via mention_ url_,0,1.0,0.0,0.0,0.0,0.0
deflateg ballghazi url_,1,0.08132500000000001,0.6747,0.08132500000000001,0.08132500000000001,0.08132500000000001
final media catch mention_ got wrong deflateg url_,0,1.0,0.0,0.0,0.0,0.0
mention_ mention_ fan go patriot win alway taint deflateg plu mention_ lose win win,4,0.076925,0.076925,0.076925,0.076925,0.6923
lrt offici end deflateg ...,0,0.6949,0.07627500000000001,0.07627500000000001,0.07627500000000001,0.07627500000000001
deflateg investig seek help ivi leagu physicist url_ url_,0,1.0,0.0,0.0,0.0,0.0
brand new episod num2 go love alllivesmatt boston markdic patriot deflateg url_,0,0.6852,0.07869999999999999,0.07869999999999999,0.07869999999999999,0.07869999999999999
rt mention_ buy footbal balloon superbowl parti even one patriot fan tombradi deflateg url_,1,0.08050000000000002,0.6779999999999999,0.08050000000000002,0.08050000000000002,0.08050000000000002
.mention_ sit w mention_ talk deflateg road superbowlxlix url_,0,1.0,0.0,0.0,0.0,0.0
see mention_ amazingli hilari skit deflateg controversi taken socialmedia url_,1,0.07500000000000001,0.7,0.07500000000000001,0.07500000000000001,0.07500000000000001
lrt wowu_..again still open investig deflateg,2,0.08050000000000002,0.08050000000000002,0.6779999999999999,0.08050000000000002,0.08050000000000002
talk ball week pretti fun _uo deflateg _uo,2,0.072025,0.072025,0.7119,0.072025,0.072025
mention_ two week deal deflateg still noth go superbowlxlix question mark,0,0.6727,0.08182500000000001,0.08182500000000001,0.08182500000000001,0.08182500000000001
rt mention_ hey tombradi stress deflateg tri ancient chines stress relief tip url_ via mention_,0,1.0,0.0,0.0,0.0,0.0
grab mention_ mention_ superbowl snax not squeez bag num hard not want deflateg num url_,1,0.09115000000000001,0.6354,0.09115000000000001,0.09115000000000001,0.09115000000000001
corrupt lead super bowl histori deflateg beastmod fine hgh test let play damn game,2,0.0,0.0,1.0,0.0,0.0
rt mention_ recent start wonder old footbal eaten actual discard evid deflateg,1,0.08182500000000001,0.6727,0.08182500000000001,0.08182500000000001,0.08182500000000001
relat bradi deflateg kenni g fan ... embarrass admit,0,0.6613,0.084675,0.084675,0.084675,0.084675
mention_ im hope seahawk win deflateg made lose respect patriot,3,0.07999999999999999,0.07999999999999999,0.07999999999999999,0.68,0.07999999999999999
rt mention_ mention_ mention_ no gamerg die deflateg get tshirtgat go need u_,1,0.07594999999999999,0.6962,0.07594999999999999,0.07594999999999999,0.07594999999999999
rt mention_ chri simm bleacher report say nfl not owe patriot apolog think deflateg,0,0.6549,0.08627499999999999,0.08627499999999999,0.08627499999999999,0.08627499999999999
rt mention_ talk bill belichick 's younger version happen game ball ... deflateg cc mention_ url_,0,1.0,0.0,0.0,0.0,0.0
drink everytim someon mention deflateg superbowlxlix,1,0.08332500000000001,0.6667,0.08332500000000001,0.08332500000000001,0.08332500000000001
rt mention_ hilari deflateg url_,1,0.07627500000000001,0.6949,0.07627500000000001,0.07627500000000001,0.07627500000000001
hope not deflat super bowl deflateg url_,1,0.0,1.0,0.0,0.0,0.0
mention_ mention_ no gamerg die deflateg get tshirtgat go need drama,2,0.07822499999999999,0.07822499999999999,0.6871,0.07822499999999999,0.07822499999999999
today 's press confer leagu offici refus elabor deflateg say investig superbowl,0,1.0,0.0,0.0,0.0,0.0
rt mention_ perhap interesting/damn thing seen uimention_ mention_ mention_ deflateg url_,3,0.077575,0.077575,0.077575,0.6897,0.077575
rt mention_ would anyon no benefit deflateg,4,0.088475,0.088475,0.088475,0.088475,0.6461
rt mention_ think equip manag ne patriot deflat gf boob last num year deflateg,1,0.0,1.0,0.0,0.0,0.0
hilari deflateg url_,1,0.0,1.0,0.0,0.0,0.0
rt mention_ watch mention_ anchor mention_ talk deflateg kobe season injuri url_ httu_,0,1.0,0.0,0.0,0.0,0.0
look like hernandeztri begin today wonder wrap mention_ finish deflateg,0,0.625,0.09375,0.09375,0.09375,0.09375
take deflateg turn lesson cheat kid url_ url_,3,0.091675,0.091675,0.091675,0.6333,0.091675
not even deflateg help mention_ find love url_,0,0.6458,0.08854999999999999,0.08854999999999999,0.08854999999999999,0.08854999999999999
rt mention_ busi num2 year far away biggest stori iuav ever broken deflateg mention_ url_,0,0.6778,0.08055000000000001,0.08055000000000001,0.08055000000000001,0.08055000000000001
hey mention_ bucket hous made wing numnum2 weekend fill capac promis deflateg sbnum2,1,0.084975,0.6601,0.084975,0.084975,0.084975
rt mention_ deflateg not take air out tom bradi 's legaci loss sunday might mention_ url_,0,1.0,0.0,0.0,0.0,0.0
mention_ yet continu discuss physic deflateg atmospher pervad earth ball react,1,0.0,1.0,0.0,0.0,0.0
num2 time new england patriot cheater superbowl deflateg url_ via mention_,3,0.07985,0.07985,0.07985,0.6806,0.07985
mention_ not psi grip deflateg superbowlxlix patriot shrinkag url_,0,0.6724,0.0819,0.0819,0.0819,0.0819
rt mention_ bill nye scienc guy explain deflateg think worri climatechang instead url_,2,0.094275,0.094275,0.6229,0.094275,0.094275
rt mention_ fact-check bill belichick 's claim deflateg url_ via mention_,0,0.6346,0.09134999999999999,0.09134999999999999,0.09134999999999999,0.09134999999999999
pa chocolati came out w/ new chocol creation honor deflateg chocol footbal w/ dent side url_,1,0.08115,0.6754,0.08115,0.08115,0.08115
rt mention_ kravitz say busi num2 year deflateg biggest stori ever broken url_,0,1.0,0.0,0.0,0.0,0.0
rt mention_ mark wahlberg thing deflateg url_,0,1.0,0.0,0.0,0.0,0.0
mention_ well hernamdez one person belichick patriot cant throw bu deflateg,0,1.0,0.0,0.0,0.0,0.0
busi num2 year far away biggest stori iuav ever broken deflateg mention_ url_,0,1.0,0.0,0.0,0.0,0.0
rt mention_ break nfl reveal imag patiot sidelin attendant/bal deflat suspect ballghazi deflateg mention_ url_,0,0.6613,0.084675,0.084675,0.084675,0.084675
rt mention_ contrari heard patriot not sign clifford franklin replac deflateg url_,0,1.0,0.0,0.0,0.0,0.0
hawk ridg system studi deflateg engin simul pov url_,0,0.6429,0.089275,0.089275,0.089275,0.089275
hawk ridg system studi deflateg engin simul pov url_,0,0.6607,0.08482500000000001,0.08482500000000001,0.08482500000000001,0.08482500000000001
rt mention_ not work sunday let us get babyyyyi _uo_u _ue patsnat deflateg,0,0.6607,0.08482500000000001,0.08482500000000001,0.08482500000000001,0.08482500000000001
throwback thursday juvenil rearrang deflateg ball refer last sunday url_,1,0.088975,0.6441,0.088975,0.088975,0.088975
go come out deflateg chang rule much ball inflat wider rang end,2,0.09045,0.09045,0.6382,0.09045,0.09045
rt mention_ analyz outdoor game pat fumbl rate no longer outlier url_ deflateg httu_,0,0.688,0.07800000000000001,0.07800000000000001,0.07800000000000001,0.07800000000000001
rt mention_ deflateg talk kid cheat mention_ url_,0,0.6727,0.08182500000000001,0.08182500000000001,0.08182500000000001,0.08182500000000001
die fact bella napoli made deflateg cake_ua url_,0,0.6333,0.091675,0.091675,0.091675,0.091675
could pay tenth much attent problem poverti paid deflateg uniteblu p2 url_,2,0.0,0.0,1.0,0.0,0.0
eight time out four make number say anyth url_ deflateg,3,0.0761,0.0761,0.0761,0.6956,0.0761
mention_ great opinion piec obama 's deflat ball big problem url_ real deflateg mention_,1,0.0,1.0,0.0,0.0,0.0
9pme analyst joey jackson deflateg aaronhernandez jodiaria joey 's superbowl pic url_ url_,0,1.0,0.0,0.0,0.0,0.0
politifact deflateg url_,0,1.0,0.0,0.0,0.0,0.0
bet nfl would rather superbowlxlix media focu deflateg aaron hernandez url_,2,0.0,0.0,1.0,0.0,0.0
million passion atmospher fuckin footbal earth 's atmospher degen condit deflateg,2,0.0,0.0,1.0,0.0,0.0
rt mention_ need secretwar discuss tom bradi deflateg joke come right place.url_,1,0.090175,0.6393,0.090175,0.090175,0.090175
hey mention_ solv great deflateg debat url_ url_,0,1.0,0.0,0.0,0.0,0.0
mention_ not know head market genius deflateg patriotscheat url_,0,0.6598,0.08504999999999999,0.08504999999999999,0.08504999999999999,0.08504999999999999
nfl deflateg simul not real advantag nfl ansi deflateg read popular scienc url_,4,0.0892,0.0892,0.0892,0.0892,0.6432
mention_ tj thought deflateg think effect outcom game,0,1.0,0.0,0.0,0.0,0.0
mention_ url_ muslim burn qur'an islam muslim charliehebdo louvr pari deflateg mention_,0,1.0,0.0,0.0,0.0,0.0
sb footbal retest num hr kickoff w addit secur investig deflateg ongo -dean blandino superbowlxlix,0,1.0,0.0,0.0,0.0,0.0
rt lrwonlin not rose color glass bias-color one mrx loyalti deflateg url_,0,0.6964,0.0759,0.0759,0.0759,0.0759
win babi would booster gold react deflateg url_,0,1.0,0.0,0.0,0.0,0.0
rt mention_ kravitz say busi num2 year deflateg biggest stori ever broken url_,0,0.6866,0.07835,0.07835,0.07835,0.07835
rt mention_ deflate-g controveri url_ lmmcnum4 deflateg,0,1.0,0.0,0.0,0.0,0.0
rt mention_ lmmcnum4 deal deflateg url_ bloggeremili,0,1.0,0.0,0.0,0.0,0.0
rt mention_ listen class pay off nfl look ga physic url_ deflateg physic lmmcnum4,0,1.0,0.0,0.0,0.0,0.0
.mention_ deflateg glad noth us url_ saint,0,1.0,0.0,0.0,0.0,0.0
rt mention_ enjoy coltsnat num2 best refer new england patriot deflateg url_ ballghazi url_,1,0.08135,0.6746,0.08135,0.08135,0.08135
deflateg pat seahawk practic num3 game footbal bear equip mgr take custodi friday test -nfl offici,0,1.0,0.0,0.0,0.0,0.0
rt mention_ bill nye ye like tom bradi world get hotter hotter know url_ deflatu_,0,1.0,0.0,0.0,0.0,0.0
.mention_ similarti team 's old struggl bountyg deflateg team move,0,0.6333,0.091675,0.091675,0.091675,0.091675
deflat footbal hat deflated-footbal hat url_ deflateg url_,1,0.0,1.0,0.0,0.0,0.0
kravitz say busi num2 year deflateg biggest stori ever broken url_,0,1.0,0.0,0.0,0.0,0.0
kravitz say busi num2 year deflateg biggest stori ever broken url_,0,1.0,0.0,0.0,0.0,0.0
mention_ url_ islam brutal 's museum islam muslim charliehebdo louvr pari deflateg mention_,0,1.0,0.0,0.0,0.0,0.0
mention_ state leagu talk super bowl ball deflateg foxnum2sport foxnum2phoenix url_,0,0.6833,0.079175,0.079175,0.079175,0.079175
mention_ url_ islam brutal 's museum islam muslim charliehebdo louvr pari deflateg mention_,0,0.6595,0.085125,0.085125,0.085125,0.085125
mention_ url_ islam brutal 's museum islam muslim charliehebdo louvr pari deflateg mention_,0,1.0,0.0,0.0,0.0,0.0
