text_id,gold_label,DS_label,DSconf0,DSconf1,DSconf2
0,2,2,0.0605647326967,7.28146488105e-58,0.939435267303
1,1,1,7.60674029228e-313,1.0,1.1666192837e-13
2,1,1,0.0,1.0,2.1563955261e-20
3,0,0,0.996310409758,6.66897374271e-128,0.00368959024244
4,2,0,0.9994669738,4.1034777493e-108,0.0005330261999
5,1,1,0.0,1.0,7.03805843213e-75
6,2,2,0.250293246812,1.96111013823e-39,0.749706753188
7,2,2,0.00127837572683,0.00713564966648,0.991585974607
8,1,2,1.3806867101e-30,0.0520551755187,0.947944824481
9,2,2,0.0590999669817,1.14352316165e-39,0.940900033018
10,2,0,0.99935077953,2.25489370673e-108,0.000649220469798
11,2,0,0.982056932254,3.21445380313e-34,0.0179430677456
12,2,2,0.0355330343784,6.17905085123e-30,0.964466965622
13,2,2,0.0260566039525,7.53147892928e-87,0.973943396048
14,2,0,0.778649963245,1.08691618467e-38,0.221350036755
15,1,1,8.97366581677e-130,0.996671580452,0.00332841954838
16,2,2,0.000880077058417,0.00798418555334,0.991135737388
17,2,2,0.00734791991875,0.00315560993329,0.989496470148
18,2,0,1.0,0.0,1.57474863551e-18
19,0,0,1.0,0.0,6.11377025572e-28
20,1,1,0.0,1.0,4.78888061055e-225
21,1,1,3.98582296209e-161,1.0,2.76653543578e-20
22,2,2,2.81519217405e-37,7.21493603801e-20,1.0
23,1,1,2.63395281029e-34,0.78783496936,0.21216503064
24,2,2,0.00626614684906,5.57685411337e-37,0.993733853151
25,1,2,0.0201579393214,0.0137721322291,0.966069928449
26,2,2,0.150068651747,9.35549987394e-39,0.849931348253
27,0,0,0.999812151768,8.80169825273e-108,0.000187848231638
28,1,1,1.39088665003e-196,1.0,2.94534040303e-21
29,1,1,0.0,1.0,1.03719666182e-20
30,1,1,1.2144328916e-115,1.0,1.6891755995e-19
31,0,0,1.0,0.0,5.23077448331e-14
32,1,1,0.0,1.0,1.84757936483e-49
33,1,1,3.28328661478e-93,0.849396909055,0.150603090945
34,2,2,1.2643634267e-37,7.70376033033e-15,1.0
35,2,0,0.907126226073,2.51601123675e-75,0.0928737739272
36,2,2,0.00194991155541,0.00793390405212,0.990116184392
37,0,0,0.999979236597,3.45775652088e-152,2.07634025553e-05
38,1,1,1.14116385573e-101,0.999881680196,0.00011831980409
39,2,2,0.00161028761653,0.00724220289677,0.991147509487
40,1,1,9.93921472884e-41,0.66397102527,0.33602897473
41,2,2,0.000400945814417,0.00122375571316,0.998375298472
42,2,2,0.000468554836016,0.000964596929899,0.998566848234
43,1,2,0.00352372431236,0.000617987613316,0.995858288074
44,2,2,0.000722636232251,0.00132784359264,0.997949520175
45,1,1,5.23203103284e-94,0.999722399,0.000277600999983
46,1,1,7.91412222214e-154,1.0,4.6592001388e-21
47,2,2,4.76659675225e-41,1.10203222489e-38,1.0
48,2,2,2.92254011564e-62,0.00233079152305,0.997669208477
49,2,2,0.000722636232251,0.00132784359264,0.997949520175
50,0,0,1.0,0.0,6.38815744977e-18
51,2,0,0.608985146612,0.0,0.391014853388
52,2,2,6.42772223413e-35,0.0360634483894,0.963936551611
53,2,0,0.52468978598,3.76608653822e-95,0.47531021402
54,1,2,0.00900827523284,0.0833557035705,0.907636021197
55,2,0,0.999995161796,4.60992395938e-169,4.83820439892e-06
56,2,2,0.00711216545996,0.00343463199841,0.989453202542
57,2,2,0.0629633601402,1.06209205121e-46,0.93703663986
58,0,0,0.999997399378,2.6691204314e-181,2.60062168802e-06
59,0,0,0.999759686375,1.11170242972e-107,0.000240313624802
60,2,2,7.26486996769e-21,0.0,1.0
61,2,2,9.27051027575e-05,0.0025285034792,0.997378791418
62,2,2,1.04981489011e-32,0.0118552418752,0.988144758125
63,1,2,5.50193719583e-40,0.02986398307,0.97013601693
64,2,2,2.4773185352e-52,0.00817590227532,0.991824097725
65,2,2,0.134916111958,2.93559943979e-40,0.865083888042
66,2,2,1.45095454602e-05,7.27638257481e-38,0.999985490455
67,2,2,3.84400635598e-27,0.000443993649445,0.999556006351
68,1,2,0.00894389009809,4.11420801952e-29,0.991056109902
69,2,0,1.0,1.37516214983e-111,4.23822566266e-62
70,1,1,0.0,1.0,1.60913496447e-16
71,2,2,0.000548251970753,0.00132416886725,0.998127579162
72,1,1,1.27856150092e-34,0.979671225269,0.0203287747308
73,2,0,0.999998833886,1.77125772964e-202,1.16611371167e-06
74,2,2,0.0904026883075,3.47686975604e-40,0.909597311692
75,0,0,1.0,0.0,8.39537174764e-22
76,2,2,6.26091527784e-38,0.07068963062,0.92931036938
77,1,1,1.0479756356e-41,0.872180886275,0.127819113725
78,0,0,0.999999999999,0.0,1.016608546e-12
79,2,2,0.00161098437459,0.00198762731647,0.996401388309
80,2,0,0.999462953046,3.87213587825e-104,0.000537046954333
81,1,1,3.41140174019e-73,0.99994051409,5.94859098161e-05
82,0,0,1.0,0.0,6.18154695302e-53
83,1,1,0.0,1.0,1.60395976462e-15
84,1,1,4.12807590763e-70,0.881528220928,0.118471779072
85,2,0,0.990245169323,1.20149784354e-74,0.00975483067701
86,2,2,0.00479252056677,0.0273983600794,0.967809119354
87,1,1,2.93974494459e-102,0.997958533562,0.00204146643792
88,2,2,0.000123245371011,0.000156146804172,0.999720607825
89,2,0,1.0,0.0,5.78455888018e-22
90,1,1,8.12596015843e-154,1.0,1.40876685658e-20
91,2,2,4.6701615348e-39,0.00407867809073,0.995921321909
92,1,1,1.75580818619e-120,1.0,9.912810155e-18
93,2,2,0.00726604164423,0.00468890724818,0.988045051108
94,2,2,0.000722636232251,0.00132784359264,0.997949520175
95,2,2,0.00721635471223,1.01589932057e-39,0.992783645288
96,1,1,1.46024559133e-72,0.983850315116,0.0161496848837
97,2,2,0.000446075376144,9.09982442971e-32,0.999553924624
98,2,2,0.000498017679318,0.000929748379686,0.998572233941
99,1,1,6.99974065558e-80,0.99075809726,0.00924190274014
100,0,0,0.999999718197,0.0,2.81802791004e-07
101,2,0,0.506857923301,2.54233072467e-123,0.493142076699
102,1,1,8.00605505423e-105,0.999967003524,3.29964761192e-05
103,2,2,0.00352372431236,0.000617987613316,0.995858288074
104,2,2,0.000193430105984,0.000217882731581,0.999588687162
105,1,2,5.26517936822e-70,0.48101336873,0.51898663127
106,1,1,1.9662193635e-147,0.999980759043,1.92409566312e-05
107,2,1,1.43582642678e-65,0.984654493831,0.0153455061685
108,1,1,9.00784988848e-176,0.999998463741,1.53625859949e-06
109,2,2,0.287143650578,6.17474499378e-94,0.712856349422
110,2,2,0.0045009570777,0.0161695723974,0.979329470525
111,1,1,0.0,1.0,0.0
112,0,0,0.999999999971,0.0,2.87132640353e-11
113,0,0,1.0,0.0,4.97014583824e-31
114,1,1,1.58392478822e-116,1.0,8.88276702754e-20
115,1,1,0.0,1.0,6.53604706566e-35
116,1,1,0.0,0.709923058724,0.290076941276
117,1,2,9.1295676475e-34,0.354796687553,0.645203312447
118,1,1,8.20429024229e-151,1.0,1.80182499571e-20
119,1,1,0.0,0.999968369873,3.16301267398e-05
120,1,1,0.0,1.0,1.67563087945e-34
121,1,1,0.0,0.936411184684,0.0635888153163
122,1,2,1.06041377901e-38,0.290820332593,0.709179667407
123,1,1,1.98985167463e-67,0.998904469785,0.00109553021467
124,1,2,4.52389808772e-36,0.256124710864,0.743875289136
125,1,2,1.01879720586e-37,0.0818651589086,0.918134841091
126,0,0,1.0,0.0,9.08064403598e-30
127,2,2,0.0107322767388,2.11606405846e-39,0.989267723261
128,2,2,0.0015364196473,0.00319981997767,0.995263760375
129,2,2,0.00393278718472,0.00516726736718,0.990899945448
130,1,1,1.34283229276e-63,0.939118005979,0.0608819940207
131,2,2,0.00869995150984,0.0011955322132,0.990104516277
132,1,1,1.20685073929e-111,0.998901211419,0.0010987885811
133,2,2,0.000258720931677,0.0205466733955,0.979194605673
134,2,2,1.52168822977e-289,0.0013338051342,0.998666194866
135,2,2,2.66395173175e-25,3.21455237928e-40,1.0
136,2,2,2.97025392309e-62,0.00123194406385,0.998768055936
137,0,0,0.99416206432,7.10188126273e-124,0.00583793567958
138,1,1,1.11940455912e-61,0.774527028236,0.225472971764
139,2,2,0.0007191198859,0.00229617387576,0.996984706238
140,2,2,0.00170453442449,0.00654147286566,0.99175399271
141,2,2,6.23416301304e-32,0.00846573569989,0.9915342643
142,0,0,1.0,0.0,4.24500407645e-218
143,1,1,5.5847232582e-181,1.0,1.61738053299e-21
144,0,0,1.0,0.0,5.20221861896e-21
145,2,2,0.0900941180189,4.42722631471e-68,0.909905881981
146,1,1,2.25941920897e-146,1.0,1.06002241537e-18
147,1,1,7.84216682584e-168,1.0,5.43379037254e-21
148,0,0,0.999992674744,1.51594817214e-107,7.32525595259e-06
149,1,1,2.46917782148e-134,0.99966282233,0.000337177670251
150,1,2,3.01932633843e-49,0.0119329056293,0.988067094371
151,2,0,0.999999999455,0.0,5.45202252005e-10
152,0,0,0.999996577967,3.69585282445e-141,3.42203278517e-06
153,1,1,0.0,1.0,2.39166903909e-17
154,2,2,0.00721635471223,1.987052023e-51,0.992783645288
155,2,0,0.868646496516,1.43496304181e-81,0.131353503484
156,2,2,6.57525104038e-05,0.000202938842353,0.999731308647
157,2,0,0.999289531014,5.96733210401e-108,0.000710468986112
158,2,2,0.184880236342,1.73353306308e-39,0.815119763658
159,2,2,0.00410607241827,1.33318542719e-40,0.995893927582
160,2,0,0.999999998435,0.0,1.56496890935e-09
161,1,1,4.45770784421e-169,0.999789420632,0.00021057936785
162,0,0,1.0,0.0,4.45862446579e-13
163,2,2,0.332726552188,2.27956992703e-39,0.667273447812
164,1,1,8.54016787456e-102,0.99991345115,8.65488495995e-05
165,2,2,0.0344954100536,0.0292016807158,0.936302909231
166,1,2,4.53944188594e-35,0.425799489424,0.574200510576
167,1,1,0.0,1.0,7.32614394564e-37
168,2,0,0.999336756477,2.29144895022e-108,0.000663243522991
169,0,0,0.999999999999,0.0,1.26343969886e-12
170,0,0,0.99620684628,1.79387446301e-71,0.00379315371968
171,0,0,0.999289531014,5.96733210401e-108,0.000710468986112
172,1,2,3.38337555419e-35,0.115706525062,0.884293474938
173,2,2,0.00167288598142,0.000415382625785,0.997911731393
174,2,2,1.00100122112e-35,0.0209852333714,0.979014766629
175,2,2,0.000733989394166,0.00310779445028,0.996158216156
176,0,0,1.0,1.15752029759e-148,1.35309744545e-79
177,2,2,0.00307220819619,0.000479563759342,0.996448228044
178,2,2,5.70537644276e-22,2.23570654567e-25,1.0
179,0,0,1.0,0.0,5.06557971708e-198
180,0,0,1.0,0.0,6.24339093977e-22
181,2,0,0.909496303828,1.02832685231e-94,0.0905036961716
182,1,1,1.80519114412e-102,0.999664998027,0.000335001972963
183,1,1,6.43272755584e-62,0.95435311276,0.0456468872398
184,2,2,0.000193430105984,0.000217882731581,0.999588687162
185,1,1,2.85206063428e-296,0.953351837983,0.046648162017
186,1,1,0.0,1.0,1.50300091502e-183
187,1,1,3.04786292207e-70,0.996698917491,0.00330108250896
188,1,1,9.50468283658e-36,0.694638529734,0.305361470266
189,1,1,1.12247433299e-99,0.958532925162,0.0414670748379
190,2,0,1.0,0.0,1.79156597527e-27
191,1,2,7.44934726153e-49,0.00807411046082,0.991925889539
192,2,0,1.0,0.0,8.03068968919e-29
193,1,1,2.20877808619e-100,1.0,6.99641755582e-63
194,1,1,0.0,0.557933723574,0.442066276426
195,2,2,0.000575438512947,0.0225964237258,0.976828137761
196,2,0,0.996816534696,4.33778922161e-67,0.00318346530423
197,1,2,0.000400945814417,0.00122375571316,0.998375298472
198,2,2,0.00718490931479,1.44068791742e-31,0.992815090685
199,1,1,8.07329477775e-151,1.0,1.81137891648e-20
200,1,1,3.41733125171e-94,0.999858555624,0.000141444376273
201,2,2,0.000190495935959,0.000412600732053,0.999396903332
202,1,2,0.00205902573265,0.00733135314137,0.990609621126
203,2,2,0.0195994710215,1.7059485364e-30,0.980400528979
204,0,0,0.960776425917,2.7925042629e-75,0.039223574083
205,0,0,1.0,0.0,4.18762768601e-20
206,2,0,0.99748564556,5.16380527187e-67,0.00251435444017
207,2,2,7.49838687014e-07,0.00914028970709,0.990858960454
208,2,2,0.000722636232251,0.00132784359264,0.997949520175
209,2,0,1.0,0.0,5.30906113946e-21
210,1,1,3.7133088285e-35,0.85453642893,0.14546357107
211,0,0,1.0,0.0,9.54335049115e-30
212,1,1,1.85877102125e-95,0.999908588585,9.14114145664e-05
213,2,2,0.0538211372633,0.0722221580797,0.873956704657
214,2,2,0.0107305435727,8.66828602031e-23,0.989269456427
215,2,2,0.00204710094847,1.06904374539e-53,0.997952899052
216,1,2,0.0012514102304,0.00709847260764,0.991650117162
217,2,2,0.120851824241,3.32387862338e-40,0.879148175759
218,1,1,6.49516746718e-63,0.815959943984,0.184040056016
219,2,2,0.0207732940072,7.22604592878e-59,0.979226705993
220,1,1,1.41011907466e-73,0.987254254564,0.0127457454356
221,2,0,1.0,0.0,1.49946980155e-30
222,1,1,2.14038226391e-63,0.92868188551,0.0713181144895
223,2,2,0.0253606616092,1.97197415441e-30,0.974639338391
224,2,2,1.43476411747e-50,5.63486288866e-36,1.0
225,2,2,0.000249856183037,0.00424540428349,0.995504739533
226,1,1,7.321159735e-94,0.999003343085,0.000996656914661
227,1,1,5.08953772219e-105,0.999962397476,3.7602523681e-05
228,2,2,0.00260075249457,0.00727390511511,0.99012534239
229,1,2,7.80579655388e-80,0.0361278048088,0.963872195191
230,1,1,3.25362825772e-69,0.968096764537,0.0319032354629
231,1,1,2.79964130023e-102,0.999986417648,1.35823517259e-05
232,2,2,0.00236782240204,0.00303358732316,0.994598590275
233,2,2,0.336037768461,1.92688679079e-34,0.663962231539
234,1,2,9.20805896815e-80,0.00422416238128,0.995775837619
235,1,1,2.63631812944e-139,0.999992372287,7.62771305662e-06
236,2,2,0.00118938295084,0.00155540101094,0.997255216038
237,0,0,1.0,0.0,3.17664564458e-49
238,1,2,0.00205902573265,0.00733135314137,0.990609621126
239,2,0,1.0,0.0,3.61356176235e-43
240,1,1,8.20429024229e-151,1.0,1.80182499571e-20
241,2,2,0.375125809891,8.20708192253e-70,0.624874190109
242,2,2,5.82212150029e-32,0.0162614424576,0.983738557542
243,0,0,0.999381447548,4.04112270038e-108,0.00061855245233
244,2,2,0.00108492251999,7.8982341887e-05,0.998836095138
245,1,1,0.0,0.999999999995,4.56796921107e-12
246,0,0,1.0,0.0,2.15919844392e-22
247,2,2,3.37213659512e-30,0.0135645516228,0.986435448377
248,1,1,1.79156482092e-117,0.999514243086,0.000485756913931
249,2,2,0.00161028761653,0.00724220289677,0.991147509487
250,2,0,0.999999992586,0.0,7.41433893351e-09
251,1,1,2.45691499362e-143,1.0,2.49589712732e-20
252,2,2,0.000554477233993,0.0012102570932,0.998235265673
253,1,1,1.10303795172e-288,0.936698473434,0.0633015265662
254,2,2,0.0349467827275,4.27771092803e-39,0.965053217272
255,2,0,1.0,2.81861045957e-75,4.44754680148e-22
256,1,1,3.11271125483e-122,1.0,2.9393119816e-20
257,1,1,1.8648870902e-188,1.0,1.1676108923e-21
258,2,0,0.970415807811,0.0,0.0295841921893
259,2,2,0.0542122117531,7.67619544699e-33,0.945787788247
260,1,1,0.0,0.999987769723,1.22302774689e-05
261,1,1,0.0,1.0,9.87111518853e-75
262,1,1,1.92518053327e-148,0.999963601182,3.63988184076e-05
263,1,1,2.91720371624e-139,0.999991653457,8.34654278704e-06
264,1,1,1.01591490704e-101,0.999869558054,0.000130441945806
265,0,0,1.0,0.0,4.86393965714e-21
266,2,2,0.000783153184706,0.0281764025727,0.971040444243
267,1,1,5.34415208143e-153,1.0,1.09672787071e-20
268,1,1,0.0,1.0,6.11756235748e-76
269,1,1,2.91999394853e-103,0.999861046547,0.000138953452943
270,2,2,0.000400945814417,0.00122375571316,0.998375298472
271,1,1,0.0,1.0,1.43793141691e-17
272,2,2,0.000548251970753,0.00132416886725,0.998127579162
273,2,2,0.036061319414,8.70900904543e-41,0.963938680586
274,2,2,9.63589806659e-07,8.63335855125e-58,0.99999903641
275,1,2,0.00714692481949,1.09004563184e-17,0.992853075181
276,2,2,7.54555332917e-05,0.000261653210395,0.999662891256
277,1,2,2.12975250829e-30,0.211828971125,0.788171028875
278,2,0,0.953240114904,7.30689136843e-72,0.046759885096
279,1,1,1.82599459277e-189,1.0,2.20884994878e-21
280,2,0,0.999964819955,2.02734468937e-154,3.51800452756e-05
281,0,0,0.999992480257,3.93027014889e-184,7.51974329177e-06
282,1,1,5.45167488769e-116,1.0,3.21389596824e-19
283,2,2,6.42090691111e-51,5.37367247688e-42,1.0
284,0,0,1.0,0.0,9.3259328683e-20
285,2,0,0.805098517615,9.42681881623e-95,0.194901482385
286,1,1,3.35837332351e-136,0.992193598628,0.00780640137171
287,1,1,4.19768012814e-70,0.88207940279,0.11792059721
288,0,0,1.0,0.0,8.29511944299e-21
289,2,2,0.419727543908,9.72690711704e-39,0.580272456092
290,2,2,8.07040202989e-70,0.0116381293126,0.988361870687
291,1,1,0.0,1.0,1.45334530863e-94
292,2,2,1.13927870779e-38,0.00121749183561,0.998782508164
293,2,0,0.999824360541,2.16267905728e-161,0.000175639458563
294,2,2,0.0491092160854,4.15552718227e-28,0.950890783915
295,0,0,1.0,0.0,1.54984706801e-20
296,2,0,0.691977430681,0.0,0.308022569319
297,1,1,0.0,1.0,5.30535678937e-88
298,1,1,0.0,1.0,0.0
299,2,2,0.0020643609973,3.07248155583e-59,0.997935639003
300,2,2,0.456636308804,0.0,0.543363691196
301,1,1,1.09067467171e-110,0.950673661062,0.0493263389378
302,2,2,0.0214556687958,6.93881695369e-42,0.978544331204
303,1,1,8.19518808589e-196,1.0,8.01338873898e-22
304,1,1,0.0,1.0,2.67483420665e-59
305,1,1,1.32850949884e-82,1.0,4.10920963945e-16
306,0,0,1.0,0.0,4.53073566957e-133
307,1,1,5.40884819456e-143,0.998869303298,0.00113069670224
308,2,0,1.0,0.0,5.97584784311e-118
309,0,0,1.0,0.0,2.34700985416e-21
310,2,2,0.200507843072,8.36804503377e-38,0.799492156928
311,0,0,0.999942070023,6.72242546857e-105,5.79299768497e-05
312,2,2,3.827642533e-15,1.69107757213e-57,1.0
313,1,1,0.0,0.999979040238,2.09597620068e-05
314,1,1,1.55863473176e-116,1.0,5.07719807009e-20
315,2,1,0.0,1.0,1.30946012425e-73
316,1,1,2.63631812944e-139,0.999992372287,7.62771305662e-06
317,2,2,0.00504072412454,7.20742755271e-36,0.994959275875
318,2,0,0.999082351841,2.81183035326e-136,0.000917648158714
319,2,2,1.59310443099e-36,0.257194802859,0.742805197141
320,2,2,0.00424421503989,0.00152393888905,0.994231846071
321,1,1,1.01015101072e-73,0.793893001082,0.206106998918
322,2,2,0.000400945814417,0.00122375571316,0.998375298472
323,2,0,1.0,0.0,1.0174156557e-17
324,0,0,1.0,0.0,1.12280579078e-28
325,2,0,0.823362557914,1.97039127027e-83,0.176637442086
326,2,2,0.000405495618012,0.00111847417132,0.998476030211
327,2,0,0.999994043705,1.03521965467e-151,5.95629474056e-06
328,1,1,1.86668563468e-82,1.0,3.50558568221e-16
329,2,2,0.324658723117,5.94451015169e-35,0.675341276883
330,2,0,0.987668482069,4.29959623504e-131,0.0123315179306
331,2,1,0.0,0.984031569467,0.0159684305331
332,2,2,2.00198462561e-28,2.14533442361e-38,1.0
333,2,2,0.0125274886941,0.0,0.987472511306
334,0,0,0.846386162093,3.88409448203e-75,0.153613837907
335,2,2,8.77699036241e-83,1.74674047308e-67,1.0
336,1,1,1.7236480547e-104,0.9998819716,0.000118028399953
337,1,1,3.84264701508e-94,0.999821613776,0.000178386224275
338,1,1,8.07329477775e-151,1.0,1.81137891648e-20
339,2,2,2.11498889839e-34,0.0886548453704,0.91134515463
340,2,0,0.881079318104,3.21215018256e-75,0.118920681896
341,2,2,0.0115541369407,0.00219377273319,0.986252090326
342,1,1,0.0,1.0,1.27517863387e-180
343,2,2,0.0511663437159,0.0,0.948833656284
344,0,0,0.999999999926,0.0,7.3684997564e-11
345,2,2,0.000722636232251,0.00132784359264,0.997949520175
346,2,2,9.84381453196e-09,9.59796270645e-28,0.999999990156
347,2,0,0.999504763766,2.61365870687e-108,0.000495236234494
348,1,1,6.78458746543e-102,0.999907543438,9.24565618105e-05
349,1,1,0.0,0.999999999998,1.69725667909e-12
350,2,0,0.873551280427,3.0221287767e-103,0.126448719573
351,2,2,3.27626885697e-57,3.5222124034e-44,1.0
352,1,1,0.0,1.0,2.48275685798e-20
353,1,1,3.86862608483e-154,0.999996220799,3.77920123947e-06
354,2,0,0.999999999941,0.0,5.92199890327e-11
355,2,2,0.00053754848694,0.00124332661199,0.998219124901
356,2,2,0.00669456237156,3.7272779336e-39,0.993305437628
357,0,0,1.0,0.0,2.9036929532e-21
358,1,1,7.13726615152e-34,0.699673078023,0.300326921977
359,1,2,6.85797911464e-34,1.17198005007e-15,1.0
360,2,2,0.017725355168,1.76684058102e-57,0.982274644832
361,1,2,5.50835824753e-35,0.39343446338,0.60656553662
362,1,2,0.00205902573265,0.00733135314137,0.990609621126
363,1,1,1.58392478822e-116,1.0,8.88276702754e-20
364,1,1,1.26813696513e-62,0.904285553942,0.0957144460576
365,2,2,4.13404554394e-49,0.00744275258641,0.992557247414
366,0,0,0.999999958074,0.0,4.19262100479e-08
367,1,1,1.3619869812e-106,0.99390585824,0.00609414176044
368,1,1,4.64088990025e-146,0.999932962943,6.70370571922e-05
369,2,1,1.2984279816e-74,0.922707021436,0.077292978564
370,2,2,0.00640876003462,2.32355787629e-31,0.993591239965
371,2,2,5.29739893171e-28,0.00910413809571,0.990895861904
372,2,2,0.0736210293802,1.90146737181e-95,0.92637897062
373,1,2,1.43659015799e-62,0.470129693239,0.529870306761
374,1,1,0.0,1.0,2.05512560954e-19
375,2,0,0.550607576281,1.91760131683e-37,0.449392423719
376,1,1,2.63631812944e-139,0.999992372287,7.62771305662e-06
377,1,2,2.4364148227e-36,0.0596867688572,0.940313231143
378,2,0,0.976968385224,7.72753687961e-80,0.0230316147757
379,1,1,3.98582296209e-161,1.0,2.76653543578e-20
380,2,2,0.00711216545996,0.00343463199841,0.989453202542
381,2,0,0.856570964337,1.02000702755e-61,0.143429035663
382,2,2,0.000564348986461,0.00176443351072,0.997671217503
383,1,2,2.60795031365e-35,0.137141236652,0.862858763348
384,1,1,3.23420367911e-107,0.997232217676,0.00276778232375
385,0,0,1.0,0.0,4.04405290114e-45
386,1,2,4.61396597024e-35,0.256645680486,0.743354319514
387,2,1,0.0,1.0,6.90004753291e-55
388,2,2,0.000207571578918,3.55898939407e-50,0.999792428421
389,2,0,0.99999999721,0.0,2.7904121276e-09
390,1,1,2.99583870825e-71,0.934435854556,0.0655641454442
391,0,0,1.0,0.0,6.24339093977e-22
392,2,0,0.881079318104,3.21215018256e-75,0.118920681896
393,2,2,0.00117896116481,0.0235202556433,0.975300783192
394,2,2,7.54555332917e-05,0.000261653210395,0.999662891256
395,0,0,0.999999999997,0.0,3.25057288535e-12
396,1,1,8.7360372371e-132,0.999988438364,1.15616362505e-05
397,1,1,1.92639933199e-71,0.955453479738,0.0445465202616
398,2,2,0.121948520058,3.40418882774e-77,0.878051479942
399,2,2,0.0137771213175,0.00175259480686,0.984470283876
400,2,2,0.011302961077,0.00160602002628,0.987091018897
401,0,0,0.999933496496,7.88977985889e-164,6.65035040676e-05
402,2,2,0.000894235315074,0.0018326406035,0.997273124081
403,1,1,0.0,1.0,1.53709194534e-151
404,0,0,0.999862009009,4.52997165084e-172,0.000137990990535
405,1,1,2.70203725092e-94,0.999946724492,5.32755084779e-05
406,2,2,6.41021904816e-33,0.35455771968,0.64544228032
407,1,1,1.77609693054e-140,0.999995996583,4.00341713094e-06
408,2,2,1.79904584233e-69,9.85082371932e-61,1.0
409,2,2,0.00347707278716,0.0139218069508,0.982601120262
410,2,2,0.0906856605466,3.00304395124e-66,0.909314339453
411,1,1,4.43132352774e-135,1.0,1.31931295927e-17
412,2,2,3.01144994166e-35,0.395345667129,0.604654332871
413,2,2,0.00603193557518,2.41157603372e-31,0.993968064425
414,1,2,3.38337555419e-35,0.115706525062,0.884293474938
415,2,2,0.000354500794073,0.000528796392527,0.999116702813
416,2,2,0.000405495618012,0.00111847417132,0.998476030211
417,1,1,0.0,1.0,2.93382979555e-54
418,2,0,1.0,0.0,2.52278702955e-60
419,1,2,0.00010728762722,0.000200738299538,0.999691974073
420,2,2,0.000400945814417,0.00122375571316,0.998375298472
421,0,0,0.999991990698,1.30308280322e-151,8.00930238167e-06
422,1,1,4.61841623258e-98,0.602026897157,0.397973102843
423,1,1,3.52643594485e-104,0.999934654019,6.53459810392e-05
424,1,1,5.31881774103e-133,0.999994454455,5.54554517292e-06
425,1,1,2.45691499362e-143,1.0,2.49589712732e-20
426,1,1,0.0,1.0,2.95007827239e-58
427,1,1,2.60157611171e-115,1.0,1.85193584984e-19
428,1,2,2.35690611094e-66,0.283866538849,0.716133461151
429,1,1,6.50199232643e-161,1.0,1.68878011627e-19
430,1,1,2.45691499362e-143,1.0,2.49589712732e-20
431,0,0,1.0,0.0,2.92905826281e-15
432,0,0,1.0,0.0,6.24339093977e-22
433,1,1,1.03176867027e-61,0.868937162821,0.131062837179
434,2,2,0.00658234824674,4.29332882753e-47,0.993417651753
435,2,2,0.00726957685297,2.73235273545e-40,0.992730423147
436,2,2,0.455029357332,1.66344158374e-88,0.544970642668
437,2,2,0.00200790323188,7.95589643996e-36,0.997992096768
438,1,1,3.30349613765e-115,1.0,1.44382859247e-19
439,0,0,0.877768505926,6.95074688849e-95,0.122231494074
440,1,1,1.80519114412e-102,0.999664998027,0.000335001972963
441,2,2,0.0278921625156,8.49573415412e-59,0.972107837484
442,2,2,0.0624481524093,1.54285416059e-40,0.937551847591
443,1,1,2.63631812944e-139,0.999992372287,7.62771305662e-06
444,2,0,0.999999999997,0.0,3.37394886819e-12
445,2,2,0.00712442719462,0.00171650266443,0.991159070141
446,2,0,0.995804549927,0.0,0.00419545007313
447,2,2,1.45001552602e-09,0.00194576654906,0.998054232001
448,2,2,0.019296489758,7.67482645238e-68,0.980703510242
449,2,0,0.81112948525,4.70869897599e-80,0.18887051475
450,1,1,4.52786565491e-84,0.967825553612,0.0321744463879
451,1,2,4.1120259691e-35,0.141740035265,0.858259964735
452,1,1,2.91720371624e-139,0.999991653457,8.34654278704e-06
453,1,1,4.68169581963e-153,1.0,1.21551598123e-20
454,1,1,1.48937514411e-70,0.98219988532,0.0178001146801
455,2,2,8.83512693806e-05,0.000700127790054,0.999211520941
456,2,1,2.68877959181e-102,0.999776522642,0.000223477358144
457,0,0,0.999996577967,3.69585282445e-141,3.42203278517e-06
458,2,0,0.999999999915,0.0,8.4765109386e-11
459,2,2,1.03423496847e-05,6.79008793593e-40,0.99998965765
460,2,0,0.999868550589,2.12949051706e-103,0.000131449411476
461,2,0,1.0,0.0,4.18378564226e-95
462,1,2,0.00161098437459,0.00198762731647,0.996401388309
463,2,2,0.00267070309302,4.70449531623e-56,0.997329296907
464,2,2,0.00191917849782,0.000535401384126,0.997545420118
465,2,2,2.94254389163e-13,2.57684612643e-67,1.0
466,2,2,0.00145168032822,7.13415136146e-31,0.998548319672
467,2,0,1.0,6.04365255413e-75,9.05710500868e-27
468,2,2,0.00203184290822,0.0108709463395,0.987097210752
469,1,2,0.00205902573265,0.00733135314137,0.990609621126
470,1,2,0.00205902573265,0.00733135314137,0.990609621126
471,2,2,0.000690800694564,9.38529746311e-05,0.999215346331
472,2,2,0.000249856183037,0.00424540428349,0.995504739533
473,2,2,0.00258207231151,0.000777101469364,0.996640826219
474,0,0,1.0,0.0,1.51249507006e-13
475,1,1,2.73659047307e-203,1.0,5.78498367267e-22
476,1,2,1.31456142709e-34,0.0490022260316,0.950997773968
477,2,2,0.0036277141071,0.000823579025913,0.995548706867
478,0,0,1.0,0.0,1.51249507006e-13
479,2,2,0.000790967652428,0.000792221151561,0.998416811196
480,2,2,1.5150371251e-48,0.0443204914809,0.955679508519
481,2,2,0.056947739021,2.61406213322e-51,0.943052260979
482,2,2,0.00108492251999,7.8982341887e-05,0.998836095138
483,2,0,0.999605725444,1.60520436697e-108,0.00039427455556
484,2,0,0.840793897807,4.39145188681e-71,0.159206102193
485,1,1,9.63909134202e-81,0.963538958436,0.0364610415635
486,2,2,0.00195742866099,0.000570224206175,0.997472347133
487,2,2,0.0739477255372,4.56909868825e-39,0.926052274463
488,2,0,1.0,0.0,7.6772454354e-43
489,2,2,0.00205902573265,0.00733135314137,0.990609621126
490,2,2,0.00413593705305,1.64634821762e-86,0.995864062947
491,0,0,1.0,0.0,6.23437461099e-22
492,1,1,0.0,1.0,8.96309674364e-18
493,2,0,0.999999997178,0.0,2.82179211643e-09
494,2,2,0.00205902573265,0.00733135314137,0.990609621126
495,1,1,4.1999033403e-69,0.761235509957,0.238764490043
496,2,0,1.0,0.0,1.67575215912e-19
497,2,2,2.68937521271e-07,0.00101747612225,0.99898225494
498,2,2,8.77257950907e-07,7.11391576449e-54,0.999999122742
499,0,0,1.0,0.0,3.88362472557e-62
500,1,1,1.1726587447e-34,0.521784177255,0.478215822745
501,2,2,0.00170453442449,0.00654147286566,0.99175399271
502,2,0,0.999406124592,0.0,0.000593875408381
503,2,2,0.0259310954966,2.69436794644e-30,0.974068904503
504,2,0,0.619513036107,1.52184009682e-78,0.380486963893
505,2,2,0.0022481386307,0.000443470440953,0.997308390928
506,2,2,0.00180638582737,0.0034782785585,0.994715335614
507,1,1,2.45691499362e-143,1.0,2.49589712732e-20
508,2,2,0.00252446767459,0.00056856974247,0.996906962583
509,1,1,2.76169991749e-189,1.0,4.9603306132e-22
510,1,1,0.0,1.0,3.24667285126e-36
511,0,0,1.0,0.0,1.18548375346e-20
512,1,1,1.72303086276e-95,0.999937075387,6.29246134261e-05
513,1,1,2.58734968764e-73,0.880444394145,0.119555605855
514,2,2,0.0,0.0550460248822,0.944953975118
515,2,2,0.00257888345249,0.000571551593278,0.996849564954
516,0,0,0.999824719831,7.39780383589e-146,0.000175280169112
517,0,0,1.0,0.0,2.24052984168e-71
518,1,1,2.73659047307e-203,1.0,5.78498367267e-22
519,0,0,0.999381447548,4.04112270038e-108,0.00061855245233
520,2,2,0.000722636232251,0.00132784359264,0.997949520175
521,2,0,0.979701651754,2.56485829869e-70,0.0202983482462
522,2,0,0.999999999803,0.0,1.97164744363e-10
523,0,0,1.0,0.0,5.76239944237e-72
524,1,2,1.26370987979e-34,1.11979156957e-19,1.0
525,2,2,0.0136644072148,2.94175636435e-40,0.986335592785
526,0,0,0.999460982807,4.54065738745e-108,0.000539017193234
527,2,0,0.894855456994,2.20910118827e-75,0.105144543006
528,2,2,4.5509002477e-30,0.0101140441434,0.989885955857
529,1,1,2.11972911812e-71,0.886292707754,0.113707292246
530,2,2,0.000730840382865,0.00121361370383,0.998055545913
531,2,2,8.84627786968e-38,0.115389135311,0.884610864689
532,2,2,0.00436908974196,2.24032802178e-31,0.995630910258
533,2,0,0.99574598137,6.92434879277e-116,0.00425401863024
534,0,0,0.999868550589,2.12949051706e-103,0.000131449411476
535,2,2,0.015363041806,0.00417604195923,0.980460916235
536,2,2,0.00713667732025,3.23597535186e-49,0.99286332268
537,2,2,0.216748073147,1.99401244759e-38,0.783251926853
538,0,0,0.999999999996,0.0,4.19481949374e-12
539,2,0,0.995659865942,6.92912464755e-100,0.00434013405767
540,2,2,0.000707363273459,0.00132086947147,0.997971767255
541,1,1,3.48052978557e-68,0.998350654461,0.00164934553876
542,1,1,8.3085777232e-114,0.9995172783,0.000482721699938
543,1,1,2.31354033803e-115,1.0,4.18194758118e-44
544,0,0,1.0,0.0,4.04405290114e-45
545,0,0,0.999592854787,6.28726217074e-116,0.000407145213446
546,0,0,0.998813284316,3.83527844191e-104,0.00118671568396
547,2,2,0.0231248527667,1.81923502297e-47,0.976875147233
548,2,2,0.0111670980014,6.7207260605e-18,0.988832901999
549,2,2,3.65514455817e-06,1.40359753127e-42,0.999996344855
550,2,0,0.965560503805,5.18942836943e-75,0.0344394961947
551,0,0,0.999994043705,1.03521965467e-151,5.95629474056e-06
552,2,2,0.00162935033265,0.00181672355922,0.996553926108
553,2,2,0.0006299137676,0.00103021093442,0.998339875298
554,1,1,0.0,1.0,4.31519020693e-56
555,0,0,1.0,0.0,1.32889905522e-62
556,2,2,0.000722636232251,0.00132784359264,0.997949520175
557,2,2,0.00200790315711,8.48585690082e-42,0.997992096843
558,2,2,0.000548251970753,0.00132416886725,0.998127579162
559,1,1,3.53470281209e-146,0.999990151656,9.84834412914e-06
560,2,2,0.00200790315711,1.92800163811e-42,0.997992096843
561,2,2,0.00808666036957,5.4338996053e-48,0.99191333963
562,1,2,6.26091527784e-38,0.07068963062,0.92931036938
563,1,1,0.0,1.0,1.08263891958e-49
564,1,1,4.37251837958e-87,0.961246834404,0.0387531655958
565,2,2,1.88056413969e-28,0.00150730061914,0.998492699381
566,0,0,1.0,0.0,2.6454071947e-24
567,2,2,1.32491790477e-42,0.021889842747,0.978110157253
568,2,2,0.218961959354,7.67578337141e-43,0.781038040646
569,2,2,1.12293769492e-06,1.40134841952e-67,0.999998877062
570,2,2,0.0904026883075,3.47686975604e-40,0.909597311692
571,0,0,0.999996577967,3.69585282445e-141,3.42203278517e-06
572,2,2,0.0059756540844,2.05251513136e-216,0.994024345916
573,2,2,0.000468554836016,0.000964596929899,0.998566848234
574,2,2,0.00161098437459,0.00198762731647,0.996401388309
575,1,1,7.91412222214e-154,1.0,4.6592001388e-21
576,2,2,0.000249856183037,0.00424540428349,0.995504739533
577,1,2,5.44986821087e-35,0.192429294588,0.807570705412
578,2,0,0.745478452096,6.46748650884e-71,0.254521547904
579,1,1,2.35870147113e-68,0.98749218447,0.0125078155303
580,2,0,0.999708761487,0.0,0.000291238513361
581,2,2,0.00161098437459,0.00198762731647,0.996401388309
582,2,0,0.983698703779,4.876426855e-100,0.0163012962212
583,1,1,3.47540954337e-139,0.999982405813,1.75941867574e-05
584,2,0,1.0,0.0,1.51891356068e-44
585,2,0,0.932608237808,1.42604034662e-72,0.0673917621923
586,2,0,1.0,0.0,1.79914828902e-21
587,2,2,0.00170381138758,2.95422518885e-21,0.998296188612
588,2,2,0.00404615531019,0.000480509833197,0.995473334857
589,2,2,0.202704673838,3.23985268225e-38,0.797295326162
590,2,2,4.21158300862e-47,1.65991527235e-35,1.0
591,1,1,1.77663273043e-100,0.993265841916,0.00673415808369
592,2,2,0.000193430105984,0.000217882731581,0.999588687162
593,1,1,7.84216682584e-168,1.0,5.43379037254e-21
594,1,1,7.84216682584e-168,1.0,5.43379037254e-21
595,1,2,2.48891516826e-40,0.0201198971939,0.979880102806
596,1,2,1.16358027646e-29,0.146321196074,0.853678803926
597,2,2,5.2779771709e-34,0.253971511097,0.746028488903
598,1,1,2.16209099542e-118,1.0,7.18789488809e-18
599,1,1,0.0,1.0,3.35571656631e-89
600,1,1,8.07329477775e-151,1.0,1.81137891648e-20
601,2,2,0.00338542098618,4.65543811136e-40,0.996614579014
602,2,0,0.987815016383,3.60544839119e-72,0.0121849836169
603,2,2,0.00516705397999,3.06274515142e-31,0.99483294602
604,2,2,2.96736039134e-35,0.466128206683,0.533871793317
605,0,0,0.999941064991,1.6125507842e-152,5.8935008975e-05
606,2,2,0.363229695307,1.42096340116e-37,0.636770304693
607,2,2,4.52957258554e-08,0.00961711071355,0.990382843991
608,2,2,3.93116885821e-35,0.05578528572,0.94421471428
609,2,2,0.0236663363175,6.71675394639e-40,0.976333663683
610,1,1,8.18509689019e-63,1.0,2.4107475825e-27
611,1,2,4.99512371748e-35,0.418113257385,0.581886742615
612,2,2,4.12280865962e-08,0.00237695295424,0.997623005818
613,2,2,4.85711692187e-69,1.46784861124e-13,1.0
614,2,0,0.870585565868,2.453295127e-75,0.129414434132
615,0,0,1.0,0.0,4.04405290114e-45
616,1,1,1.37493683956e-107,0.999635617881,0.000364382118889
617,1,1,8.38228802826e-66,0.985420010843,0.0145799891571
618,2,2,0.0886596233754,0.0,0.911340376625
619,1,1,5.08358294659e-174,1.0,2.11502486691e-19
620,1,2,6.40895617639e-40,0.111088063108,0.888911936892
621,2,2,9.36338286834e-163,0.0,1.0
622,2,2,2.13690144096e-15,0.00699748429716,0.993002515703
623,2,0,0.905196670187,9.13576340984e-85,0.0948033298134
624,1,1,4.79641669621e-189,0.999960952713,3.90472871676e-05
625,2,2,0.000722636232251,0.00132784359264,0.997949520175
626,0,0,0.999996577967,3.69585282445e-141,3.42203278517e-06
627,1,1,3.63096429906e-70,0.870955435629,0.129044564371
628,1,1,3.17211055616e-97,0.993122707699,0.0068772923006
629,1,2,7.7180757996e-67,0.00252108204424,0.997478917956
630,1,1,1.1527829309e-150,1.0,1.53714520821e-20
631,0,0,1.0,0.0,1.14791104976e-44
632,2,2,6.30189201895e-16,6.47110692421e-05,0.999935288931
633,1,1,0.0,1.0,1.39000795294e-207
634,1,1,5.57552227672e-77,0.979222976535,0.0207770234652
635,2,2,1.16519158749e-30,0.00069540702534,0.999304592975
636,2,2,2.40701439525e-47,7.19625827572e-36,1.0
637,2,0,0.788948690467,1.37370578095e-78,0.211051309533
638,2,2,0.0,0.0,1.0
639,2,0,0.999999999998,0.0,2.32001363073e-12
640,2,2,0.00014143326436,0.000201324293463,0.999657242442
641,2,2,0.00344944170525,0.000614775941006,0.995935782354
642,2,2,0.0902039148998,8.91483466217e-38,0.9097960851
643,2,2,0.472050991459,4.82853372201e-74,0.527949008541
644,2,2,0.11535987189,0.0,0.88464012811
645,2,0,0.998402514155,3.59475391762e-144,0.00159748584491
646,1,1,3.89614795559e-155,1.0,8.66705912903e-21
647,1,1,1.05413031029e-81,1.0,1.30611940331e-16
648,2,2,0.00221933558359,0.000657011374914,0.997123653041
649,0,0,0.999994043705,1.03521965467e-151,5.95629474056e-06
650,2,2,0.00157697125339,0.00197723191186,0.996445796835
651,1,1,8.76843917976e-113,0.999485727732,0.000514272267842
652,1,2,3.38337555419e-35,0.115706525062,0.884293474938
653,1,1,1.11984701245e-121,0.99894306999,0.00105693000972
654,2,2,1.00370160895e-31,3.88970069e-20,1.0
655,0,0,0.999460982807,4.54065738745e-108,0.000539017193234
656,1,1,2.31354033803e-115,1.0,1.70141419135e-19
657,2,2,6.57525104038e-05,0.000202938842353,0.999731308647
658,1,1,0.0,1.0,4.51441728655e-18
659,2,2,0.000722636232251,0.00132784359264,0.997949520175
660,0,0,1.0,0.0,2.52701270406e-87
661,2,2,0.000722636232251,0.00132784359264,0.997949520175
662,1,1,0.0,1.0,2.76605356447e-34
663,1,1,8.20429024229e-151,1.0,1.80182499571e-20
664,1,1,7.59573957994e-78,0.999933218521,6.67814789088e-05
665,2,2,0.00252552760852,0.000148944135724,0.997325528256
666,1,1,1.11667199189e-65,0.960543145803,0.0394568541967
667,2,2,0.0064360612235,1.11974756354e-40,0.993563938777
668,2,2,0.00447305442779,0.0108675886856,0.984659356887
669,1,1,3.92478177006e-315,0.980144602068,0.0198553979323
670,1,1,1.65368501902e-66,0.957395965806,0.0426040341942
671,2,2,0.000251116856211,0.00041379397511,0.999335089169
672,1,1,0.0,1.0,9.24034655479e-25
673,1,1,2.12756953092e-118,1.0,1.77609811215e-42
674,1,2,0.0016490531423,0.0071164578124,0.991234489045
675,2,0,0.999571915338,8.83690696177e-104,0.000428084662176
676,2,2,1.18895491794e-34,1.16176952759e-19,1.0
677,2,2,0.000722636232251,0.00132784359264,0.997949520175
678,1,1,1.35408501013e-95,0.999777428963,0.000222571036965
679,1,1,0.0,1.0,0.0
680,2,2,0.337936415233,1.44457678596e-65,0.662063584767
681,2,0,0.772180606749,1.92063505539e-75,0.227819393251
682,2,2,4.067705293e-37,0.27188056483,0.72811943517
683,2,0,0.915339757225,3.36603025384e-74,0.0846602427748
684,0,0,1.0,0.0,2.66142503977e-41
685,0,0,0.99999989272,3.92765999207e-185,1.07280059912e-07
686,1,1,2.53659474219e-102,0.999714194208,0.000285805791687
687,2,2,8.83512693806e-05,0.000700127790054,0.999211520941
688,0,0,0.993869853626,5.30084163617e-70,0.00613014637353
689,2,2,0.000722636232251,0.00132784359264,0.997949520175
690,2,0,0.995700616864,2.94366839886e-128,0.00429938313615
691,2,0,0.999996577967,3.69585282445e-141,3.42203278517e-06
692,1,1,3.96689438572e-141,0.999986011281,1.39887187203e-05
693,2,2,7.54555332917e-05,0.000261653210395,0.999662891256
694,2,2,0.00104766524752,4.04071336511e-21,0.998952334752
695,2,2,0.191237050206,2.51949709777e-46,0.808762949794
696,2,2,0.00927820277318,3.31092896567e-31,0.990721797227
697,1,1,9.45541220936e-62,0.933554213551,0.0664457864489
698,1,1,1.98725887789e-70,0.698534694053,0.301465305947
699,1,2,2.56596048184e-93,0.424709777107,0.575290222893
700,2,2,2.4364148227e-36,0.0596867688572,0.940313231143
701,2,2,0.0119675741415,4.39133381621e-31,0.988032425859
702,1,2,0.000213867473202,0.00159017215018,0.998195960377
703,1,2,1.70528170732e-54,0.201427590591,0.798572409409
704,1,1,2.73659047307e-203,1.0,5.78498367267e-22
705,1,2,2.49563734334e-65,0.435711356249,0.564288643751
706,2,0,0.999996577967,3.69585282445e-141,3.42203278517e-06
707,2,2,5.08330356297e-30,0.023115928952,0.976884071048
708,2,2,0.00118938295084,0.00155540101094,0.997255216038
709,0,0,1.0,0.0,4.04405290114e-45
710,1,1,0.0,1.0,7.90584668745e-17
711,2,2,0.00110692437803,5.44301507644e-42,0.998893075622
712,2,2,0.000722636232251,0.00132784359264,0.997949520175
713,2,2,2.60795031365e-35,0.137141236652,0.862858763348
714,2,2,0.0590156549477,0.0334204568358,0.907563888216
715,2,2,0.00118938295084,0.00155540101094,0.997255216038
716,2,1,7.15877693444e-40,0.982947705895,0.0170522941048
717,1,1,8.20429024229e-151,1.0,1.80182499571e-20
718,1,1,1.4546398873e-61,0.970451094152,0.0295489058478
719,1,1,3.48537477529e-146,1.0,3.55432842576e-17
720,2,2,0.12085393426,3.63744150551e-34,0.87914606574
721,1,1,9.55260243176e-103,0.998299332114,0.00170066788593
722,2,2,2.51568209198e-55,1.22353677526e-41,1.0
723,1,1,1.22505503088e-35,0.634059031628,0.365940968372
724,1,1,8.07329477775e-151,1.0,1.81137891648e-20
725,0,0,1.0,0.0,1.26779848898e-46
726,2,2,0.000722636232251,0.00132784359264,0.997949520175
727,2,2,6.09390613011e-47,0.0267357899196,0.97326421008
728,2,2,0.00608400126107,9.88126278018e-40,0.993915998739
729,2,0,0.95147856548,7.05810314258e-103,0.0485214345195
730,2,0,0.994485132566,2.01001226538e-115,0.0055148674344
731,2,2,0.0006299137676,0.00103021093442,0.998339875298
732,1,2,0.00118938295084,0.00155540101094,0.997255216038
733,1,1,3.96689438572e-141,0.999986011281,1.39887187203e-05
734,2,2,0.000244576775352,0.00422312924927,0.995532293975
735,1,1,5.38992527479e-140,1.0,1.49175229493e-19
736,0,0,1.0,0.0,3.55302322292e-14
737,2,2,0.19951881255,8.041139221e-40,0.80048118745
738,1,2,2.22010311967e-38,0.154994910719,0.845005089281
739,1,1,1.84257796892e-128,0.873965794662,0.126034205338
740,2,0,1.0,0.0,2.51825940866e-22
741,2,2,3.33942851757e-26,0.0184160620572,0.981583937943
742,2,0,0.907126226073,2.51601123675e-75,0.0928737739272
743,0,0,0.999996577967,3.69585282445e-141,3.42203278517e-06
744,2,0,1.0,7.25438510915e-127,2.03160417561e-27
745,2,2,0.0617890869975,0.0,0.938210913003
746,1,1,5.78319940814e-154,1.0,1.65134127977e-20
747,2,0,0.99935077953,2.25489370673e-108,0.000649220469798
748,1,1,0.0,1.0,2.88370095113e-16
749,2,2,0.00196236293436,0.00159895471844,0.996438682347
750,1,1,7.83179738907e-87,0.802971798795,0.197028201205
751,2,2,0.00161215715486,0.00270107478655,0.995686768059
752,2,2,0.0100203359121,0.0034052994152,0.986574364673
753,2,2,4.12280865962e-08,0.00237695295424,0.997623005818
754,2,0,0.894855456994,2.20910118827e-75,0.105144543006
755,2,0,0.863178365923,0.0,0.136821634077
756,2,0,0.977086535899,1.25015766579e-70,0.0229134641006
757,1,1,1.37543882954e-115,1.0,1.32947175424e-19
758,1,2,4.78467094098e-41,0.0766377611681,0.923362238832
759,0,0,0.999997922311,2.6303208709e-141,2.07768888641e-06
760,2,2,1.71208161603e-08,0.000277440647282,0.999722542232
761,2,2,0.000588123966344,0.00223969565332,0.99717218038
762,2,2,0.00142101094628,7.09674101965e-31,0.998578989054
763,1,1,0.0,1.0,2.90601256594e-73
